-800.000000 0.000000 1000.000000 20.000000 0.000000 0.000000 0.000000 0.000000 0.000100 0.000000
-799.980000 0.000000 1000.000000 19.999428 0.000016 0.000000 0.000000 0.000000 0.000200 0.001000
-799.960001 0.000000 1000.000001 19.998856 0.000032 0.000000 0.000000 0.000000 0.000300 0.002000
-799.940002 0.000000 1000.000001 19.998284 0.000047 0.000000 0.000000 0.000000 0.000400 0.003000
-799.920004 0.000000 1000.000002 19.997711 0.000063 0.000001 0.000000 0.000000 0.000500 0.004000
-799.900007 0.000000 1000.000004 19.997139 0.000079 0.000001 0.000000 0.000000 0.000600 0.005000
-799.880010 0.000000 1000.000006 19.996566 0.000094 0.000001 0.000000 0.000000 0.000700 0.006000
-799.860014 0.000000 1000.000008 19.995993 0.000110 0.000001 0.000000 0.000000 0.000800 0.007000
-799.840018 0.000000 1000.000010 19.995420 0.000126 0.000002 0.000000 0.000000 0.000900 0.008000
-799.820023 0.000000 1000.000013 19.994847 0.000141 0.000002 0.000000 0.000000 0.001000 0.009000
-799.800028 0.000000 1000.000016 19.994274 0.000157 0.000003 0.000000 0.000000 0.001100 0.010000
-799.780034 0.000000 1000.000019 19.993701 0.000172 0.000003 0.000000 0.000000 0.001200 0.011000
-799.760041 0.000000 1000.000022 19.993128 0.000188 0.000004 0.000000 0.000000 0.001300 0.012000
-799.740048 0.000000 1000.000026 19.992554 0.000203 0.000005 0.000000 0.000000 0.001400 0.013000
-799.720056 0.000001 1000.000031 19.991981 0.000219 0.000005 0.000000 0.000000 0.001300 0.014000
-799.700064 0.000001 1000.000035 19.991407 0.000234 0.000006 0.000000 0.000000 0.001400 0.015000
-799.680073 0.000001 1000.000040 19.990833 0.000249 0.000007 0.000000 0.000000 0.001500 0.016000
-799.660082 0.000001 1000.000045 19.990259 0.000265 0.000007 0.000000 0.000000 0.001500 0.017000
-799.640092 0.000001 1000.000050 19.989685 0.000280 0.000008 0.000000 0.000000 0.001500 0.018000
-799.620103 0.000001 1000.000056 19.989111 0.000295 0.000009 0.000000 0.000000 0.001600 0.019000
-799.600114 0.000001 1000.000062 19.988537 0.000311 0.000010 0.000000 0.000000 0.001700 0.020000
-799.580126 0.000002 1000.000069 19.987962 0.000326 0.000011 0.000000 0.000000 0.001800 0.021000
-799.560138 0.000002 1000.000075 19.987388 0.000341 0.000012 0.000000 0.000000 0.001900 0.022000
-799.540151 0.000002 1000.000082 19.986813 0.000356 0.000013 0.000000 0.000000 0.002000 0.023000
-799.520164 0.000002 1000.000089 19.986238 0.000371 0.000014 0.000000 0.000000 0.002100 0.024000
-799.500178 0.000003 1000.000097 19.985663 0.000387 0.000015 0.000000 0.000000 0.002200 0.025000
-799.480193 0.000003 1000.000105 19.985088 0.000402 0.000016 0.000000 0.000000 0.002300 0.026000
-799.460208 0.000003 1000.000113 19.984513 0.000417 0.000017 0.000000 0.000000 0.002400 0.027000
-799.440224 0.000004 1000.000121 19.983938 0.000432 0.000018 0.000000 0.000000 0.002500 0.028000
-799.420240 0.000004 1000.000130 19.983363 0.000447 0.000019 0.000000 0.000000 0.002600 0.029000
-799.400257 0.000004 1000.000139 19.982787 0.000462 0.000021 0.000000 0.000000 0.002600 0.030000
-799.380275 0.000005 1000.000149 19.982212 0.000477 0.000022 0.000000 0.000000 0.002700 0.031000
-799.360293 0.000005 1000.000158 19.981636 0.000492 0.000023 0.000000 0.000000 0.002800 0.032000
-799.340311 0.000006 1000.000168 19.981060 0.000506 0.000025 0.000000 0.000000 0.002700 0.033000
-799.320330 0.000006 1000.000178 19.980484 0.000521 0.000026 0.000000 0.000000 0.002800 0.034000
-799.300350 0.000007 1000.000189 19.979908 0.000536 0.000028 0.000000 0.000000 0.002900 0.035000
-799.280371 0.000007 1000.000200 19.979332 0.000551 0.000029 0.000000 0.000000 0.003000 0.036000
-799.260392 0.000008 1000.000211 19.978756 0.000566 0.000031 0.000000 0.000000 0.003100 0.037000
-799.240413 0.000009 1000.000222 19.978179 0.000580 0.000032 0.000000 0.000000 0.003200 0.038000
-799.220435 0.000009 1000.000234 19.977603 0.000595 0.000034 0.000000 0.000000 0.003300 0.039000
-799.200458 0.000010 1000.000246 19.977026 0.000610 0.000035 0.000000 0.000000 0.003400 0.040000
-799.180481 0.000011 1000.000259 19.976450 0.000624 0.000037 0.000000 0.000000 0.003500 0.041000
-799.160505 0.000011 1000.000271 19.975873 0.000639 0.000039 0.000000 0.000000 0.003600 0.042000
-799.140529 0.000012 1000.000284 19.975296 0.000654 0.000041 0.000000 0.000000 0.003700 0.043000
-799.120554 0.000013 1000.000297 19.974719 0.000668 0.000043 0.000000 0.000000 0.003800 0.044000
-799.100580 0.000014 1000.000311 19.974142 0.000683 0.000044 0.000000 0.000000 0.003900 0.045000
-799.080606 0.000015 1000.000324 19.973565 0.000697 0.000046 0.000000 0.000000 0.003800 0.046000
-799.060633 0.000016 1000.000339 19.972987 0.000712 0.000048 0.000000 0.000000 0.003900 0.047000
-799.040660 0.000017 1000.000353 19.972410 0.000726 0.000050 0.000000 0.000000 0.004000 0.048000
-799.020688 0.000018 1000.000367 19.971832 0.000741 0.000052 0.000000 0.000000 0.004100 0.049000
-799.000716 0.000019 1000.000382 19.971254 0.000755 0.000054 0.000000 0.000000 0.004200 0.050000
-798.980745 0.000020 1000.000398 19.970677 0.000769 0.000057 0.000000 0.000000 0.004300 0.051000
-798.960775 0.000021 1000.000413 19.970099 0.000784 0.000059 0.000000 0.000000 0.004400 0.052000
-798.940805 0.000022 1000.000429 19.969521 0.000798 0.000061 0.000000 0.000000 0.004300 0.053000
-798.920836 0.000023 1000.000445 19.968943 0.000812 0.000063 0.000000 0.000000 0.004400 0.054000
-798.900867 0.000025 1000.000461 19.968364 0.000827 0.000065 0.000000 0.000000 0.004300 0.055000
-798.880899 0.000026 1000.000478 19.967786 0.000841 0.000068 0.000000 0.000000 0.004400 0.056000
-798.860931 0.000027 1000.000495 19.967208 0.000855 0.000070 0.000000 0.000000 0.004500 0.057000
-798.840964 0.000029 1000.000512 19.966629 0.000869 0.000072 0.000000 0.000000 0.004600 0.058000
-798.820998 0.000030 1000.000530 19.966051 0.000883 0.000074 0.000000 0.000000 0.004700 0.059000
-798.801032 0.000032 1000.000547 19.965472 0.000897 0.000077 0.000000 0.000000 0.004800 0.060000
-798.781067 0.000033 1000.000565 19.964893 0.000912 0.000079 0.000000 0.000000 0.004900 0.061000
-798.761102 0.000035 1000.000584 19.964314 0.000926 0.000082 0.000000 0.000000 0.004900 0.062000
-798.741138 0.000037 1000.000602 19.963735 0.000940 0.000084 0.000000 0.000000 0.005000 0.063000
-798.721175 0.000038 1000.000621 19.963156 0.000954 0.000087 0.000000 0.000000 0.005100 0.064000
-798.701212 0.000040 1000.000640 19.962577 0.000968 0.000089 0.000000 0.000000 0.005200 0.065000
-798.681250 0.000042 1000.000660 19.961997 0.000981 0.000092 0.000000 0.000000 0.005300 0.066000
-798.661288 0.000044 1000.000679 19.961418 0.000995 0.000095 0.000000 0.000000 0.005400 0.067000
-798.641327 0.000046 1000.000699 19.960838 0.001009 0.000097 0.000000 0.000000 0.005500 0.068000
-798.621366 0.000048 1000.000720 19.960258 0.001023 0.000100 0.000000 0.000000 0.005500 0.069000
-798.601406 0.000050 1000.000740 19.959679 0.001037 0.000103 0.000000 0.000000 0.005600 0.070000
-798.581447 0.000052 1000.000761 19.959099 0.001051 0.000106 0.000000 0.000000 0.005700 0.071000
-798.561488 0.000054 1000.000782 19.958519 0.001064 0.000109 0.000000 0.000000 0.005800 0.072000
-798.541530 0.000056 1000.000804 19.957939 0.001078 0.000111 0.000000 0.000000 0.005900 0.073000
-798.521572 0.000058 1000.000825 19.957358 0.001092 0.000114 0.000000 0.000000 0.006000 0.074000
-798.501615 0.000061 1000.000847 19.956778 0.001106 0.000117 0.000000 0.000000 0.006100 0.075000
-798.481659 0.000063 1000.000869 19.956198 0.001119 0.000121 0.000000 0.000000 0.006200 0.076000
-798.461703 0.000065 1000.000892 19.955617 0.001133 0.000124 0.000000 0.000000 0.006300 0.077000
-798.441747 0.000068 1000.000914 19.955037 0.001146 0.000127 0.000000 0.000000 0.006400 0.078000
-798.421793 0.000070 1000.000937 19.954456 0.001160 0.000130 0.000000 0.000000 0.006500 0.079000
-798.401838 0.000073 1000.000961 19.953875 0.001173 0.000133 0.000000 0.000000 0.006600 0.080000
-798.381885 0.000076 1000.000984 19.953294 0.001187 0.000137 0.000000 0.000000 0.006700 0.081000
-798.361932 0.000079 1000.001008 19.952713 0.001200 0.000140 0.000000 0.000000 0.006800 0.082000
-798.341979 0.000081 1000.001032 19.952132 0.001214 0.000144 0.000000 0.000000 0.006900 0.083000
-798.322027 0.000084 1000.001057 19.951551 0.001227 0.000147 0.000000 0.000000 0.007000 0.084000
-798.302076 0.000087 1000.001081 19.950970 0.001241 0.000151 0.000000 0.000000 0.007100 0.085000
-798.282125 0.000090 1000.001106 19.950388 0.001254 0.000154 0.000000 0.000000 0.007200 0.086000
-798.262175 0.000093 1000.001131 19.949807 0.001267 0.000158 0.000000 0.000000 0.007200 0.087000
-798.242226 0.000097 1000.001157 19.949225 0.001281 0.000161 0.000000 0.000000 0.007100 0.088000
-798.222277 0.000100 1000.001182 19.948644 0.001294 0.000165 0.000000 0.000000 0.007200 0.089000
-798.202329 0.000103 1000.001208 19.948062 0.001307 0.000169 0.000000 0.000000 0.007300 0.090000
-798.182381 0.000106 1000.001234 19.947480 0.001320 0.000172 0.000000 0.000000 0.007400 0.091000
-798.162434 0.000110 1000.001261 19.946898 0.001333 0.000176 0.000000 0.000000 0.007400 0.092000
-798.142487 0.000114 1000.001287 19.946316 0.001347 0.000180 0.000000 0.000000 0.007500 0.093000
-798.122541 0.000117 1000.001314 19.945734 0.001360 0.000184 0.000000 0.000000 0.007600 0.094000
-798.102595 0.000121 1000.001342 19.945151 0.001373 0.000187 0.000000 0.000000 0.007700 0.095000
-798.082651 0.000125 1000.001369 19.944569 0.001386 0.000191 0.000000 0.000000 0.007800 0.096000
-798.062706 0.000128 1000.001397 19.943987 0.001399 0.000195 0.000000 0.000000 0.007900 0.097000
-798.042763 0.000132 1000.001425 19.943404 0.001412 0.000199 0.000000 0.000000 0.008000 0.098000
-798.022819 0.000136 1000.001453 19.942822 0.001425 0.000203 0.000000 0.000000 0.008100 0.099000
-798.002877 0.000140 1000.001482 19.942239 0.001438 0.000207 0.000000 0.000000 0.008200 0.100000
-797.982935 0.000145 1000.001511 19.941656 0.001451 0.000211 0.000000 0.000000 0.008300 0.101000
-797.962994 0.000149 1000.001540 19.941073 0.001463 0.000216 0.000000 0.000000 0.008400 0.102000
-797.943053 0.000153 1000.001569 19.940490 0.001476 0.000220 0.000000 0.000000 0.008500 0.103000
-797.923113 0.000158 1000.001598 19.939907 0.001489 0.000224 0.000000 0.000000 0.008600 0.104000
-797.903173 0.000162 1000.001628 19.939324 0.001502 0.000229 0.000000 0.000000 0.008700 0.105000
-797.883234 0.000167 1000.001658 19.938740 0.001515 0.000233 0.000000 0.000000 0.008700 0.106000
-797.863295 0.000171 1000.001689 19.938157 0.001527 0.000237 0.000000 0.000000 0.008800 0.107000
-797.843358 0.000176 1000.001719 19.937574 0.001540 0.000242 0.000000 0.000000 0.008900 0.108000
-797.823420 0.000181 1000.001750 19.936990 0.001553 0.000246 0.000000 0.000000 0.009000 0.109000
-797.803484 0.000186 1000.001781 19.936406 0.001565 0.000251 0.000000 0.000000 0.009100 0.110000
-797.783547 0.000191 1000.001812 19.935823 0.001578 0.000255 0.000000 0.000000 0.009200 0.111000
-797.763612 0.000196 1000.001844 19.935239 0.001591 0.000260 0.000000 0.000000 0.009300 0.112000
-797.743677 0.000201 1000.001876 19.934655 0.001603 0.000265 0.000000 0.000000 0.009400 0.113000
-797.723743 0.000207 1000.001908 19.934071 0.001616 0.000269 0.000000 0.000000 0.009500 0.114000
-797.703809 0.000212 1000.001940 19.933487 0.001628 0.000274 0.000000 0.000000 0.009400 0.115000
-797.683876 0.000218 1000.001973 19.932903 0.001641 0.000279 0.000000 0.000000 0.009500 0.116000
-797.663943 0.000223 1000.002006 19.932318 0.001653 0.000284 0.000000 0.000000 0.009600 0.117000
-797.644011 0.000229 1000.002039 19.931734 0.001665 0.000289 0.000000 0.000000 0.009700 0.118000
-797.624080 0.000235 1000.002072 19.931150 0.001678 0.000294 0.000000 0.000000 0.009800 0.119000
-797.604149 0.000241 1000.002105 19.930565 0.001690 0.000298 0.000000 0.000000 0.009900 0.120000
-797.584218 0.000247 1000.002139 19.929980 0.001702 0.000303 0.000000 0.000000 0.010000 0.121000
-797.564289 0.000253 1000.002173 19.929396 0.001715 0.000309 0.000000 0.000000 0.010100 0.122000
-797.544360 0.000259 1000.002208 19.928811 0.001727 0.000314 0.000000 0.000000 0.010200 0.123000
-797.524431 0.000265 1000.002242 19.928226 0.001739 0.000319 0.000000 0.000000 0.010200 0.124000
-797.504503 0.000272 1000.002277 19.927641 0.001751 0.000324 0.000000 0.000000 0.010300 0.125000
-797.484576 0.000278 1000.002312 19.927056 0.001764 0.000329 0.000000 0.000000 0.010400 0.126000
-797.464649 0.000285 1000.002347 19.926471 0.001776 0.000334 0.000000 0.000000 0.010500 0.127000
-797.444723 0.000291 1000.002383 19.925886 0.001788 0.000340 0.000000 0.000000 0.010600 0.128000
-797.424797 0.000298 1000.002418 19.925300 0.001800 0.000345 0.000000 0.000000 0.010700 0.129000
-797.404872 0.000305 1000.002454 19.924715 0.001812 0.000350 0.000000 0.000000 0.010800 0.130000
-797.384948 0.000312 1000.002491 19.924129 0.001824 0.000356 0.000000 0.000000 0.010800 0.131000
-797.365024 0.000319 1000.002527 19.923544 0.001836 0.000361 0.000000 0.000000 0.010900 0.132000
-797.345101 0.000327 1000.002564 19.922958 0.001848 0.000367 0.000000 0.000000 0.011000 0.133000
-797.325178 0.000334 1000.002601 19.922372 0.001860 0.000372 0.000000 0.000000 0.011000 0.134000
-797.305256 0.000341 1000.002638 19.921787 0.001872 0.000378 0.000000 0.000000 0.011100 0.135000
-797.285335 0.000349 1000.002675 19.921201 0.001884 0.000383 0.000000 0.000000 0.011200 0.136000
-797.265414 0.000357 1000.002713 19.920615 0.001895 0.000389 0.000000 0.000000 0.011300 0.137000
-797.245493 0.000365 1000.002751 19.920029 0.001907 0.000395 0.000000 0.000000 0.011400 0.138000
-797.225574 0.000372 1000.002789 19.919442 0.001919 0.000401 0.000000 0.000000 0.011500 0.139000
-797.205655 0.000380 1000.002827 19.918856 0.001931 0.000406 0.000000 0.000000 0.011600 0.140000
-797.185736 0.000389 1000.002866 19.918270 0.001943 0.000412 0.000000 0.000000 0.011700 0.141000
-797.165818 0.000397 1000.002904 19.917683 0.001954 0.000418 0.000000 0.000000 0.011800 0.142000
-797.145901 0.000405 1000.002943 19.917097 0.001966 0.000424 0.000000 0.000000 0.011900 0.143000
-797.125984 0.000414 1000.002983 19.916510 0.001977 0.000430 0.000000 0.000000 0.012000 0.144000
-797.106068 0.000422 1000.003022 19.915924 0.001989 0.000436 0.000000 0.000000 0.012100 0.145000
-797.086152 0.000431 1000.003062 19.915337 0.002001 0.000442 0.000000 0.000000 0.012200 0.146000
-797.066237 0.000440 1000.003102 19.914750 0.002012 0.000448 0.000000 0.000000 0.012100 0.147000
-797.046323 0.000449 1000.003142 19.914163 0.002024 0.000454 0.000000 0.000000 0.012100 0.148000
-797.026409 0.000458 1000.003182 19.913576 0.002035 0.000461 0.000000 0.000000 0.012200 0.149000
-797.006495 0.000467 1000.003223 19.912989 0.002047 0.000467 0.000000 0.000000 0.012300 0.150000
-796.986583 0.000477 1000.003264 19.912402 0.002058 0.000473 0.000000 0.000000 0.012200 0.151000
-796.966671 0.000486 1000.003305 19.911815 0.002069 0.000479 0.000000 0.000000 0.012300 0.152000
-796.946759 0.000496 1000.003346 19.911228 0.002081 0.000485 0.000000 0.000000 0.012400 0.153000
-796.926848 0.000505 1000.003388 19.910640 0.002092 0.000492 0.000000 0.000000 0.012500 0.154000
-796.906938 0.000515 1000.003430 19.910053 0.002103 0.000498 0.000000 0.000000 0.012600 0.155000
-796.887028 0.000525 1000.003472 19.909465 0.002115 0.000504 0.000000 0.000000 0.012700 0.156000
-796.867119 0.000535 1000.003514 19.908878 0.002126 0.000511 0.000000 0.000000 0.012600 0.157000
-796.847210 0.000546 1000.003556 19.908290 0.002137 0.000517 0.000000 0.000000 0.012700 0.158000
-796.827302 0.000556 1000.003599 19.907702 0.002148 0.000523 0.000000 0.000000 0.012800 0.159000
-796.807395 0.000566 1000.003642 19.907115 0.002160 0.000530 0.000000 0.000000 0.012800 0.160000
-796.787488 0.000577 1000.003685 19.906527 0.002171 0.000536 0.000000 0.000000 0.012900 0.161000
-796.767582 0.000588 1000.003728 19.905939 0.002182 0.000543 0.000000 0.000000 0.012800 0.162000
-796.747676 0.000599 1000.003772 19.905351 0.002193 0.000549 0.000000 0.000000 0.012900 0.163000
-796.727771 0.000610 1000.003815 19.904763 0.002204 0.000556 0.000000 0.000000 0.013000 0.164000
-796.707867 0.000621 1000.003859 19.904174 0.002215 0.000562 0.000000 0.000000 0.013100 0.165000
-796.687963 0.000632 1000.003904 19.903586 0.002226 0.000569 0.000000 0.000000 0.013200 0.166000
-796.668060 0.000643 1000.003948 19.902998 0.002237 0.000575 0.000000 0.000000 0.013300 0.167000
-796.648157 0.000655 1000.003993 19.902409 0.002248 0.000582 0.000000 0.000000 0.013400 0.168000
-796.628255 0.000666 1000.004037 19.901821 0.002259 0.000589 0.000000 0.000000 0.013500 0.169000
-796.608354 0.000678 1000.004082 19.901232 0.002269 0.000596 0.000000 0.000000 0.013600 0.170000
-796.588453 0.000690 1000.004128 19.900644 0.002280 0.000603 0.000000 0.000000 0.013500 0.171000
-796.568552 0.000702 1000.004173 19.900055 0.002291 0.000609 0.000000 0.000000 0.013600 0.172000
-796.548653 0.000714 1000.004219 19.899466 0.002302 0.000616 0.000000 0.000000 0.013700 0.173000
-796.528753 0.000727 1000.004265 19.898877 0.002313 0.000623 0.000000 0.000000 0.013600 0.174000
-796.508855 0.000739 1000.004311 19.898288 0.002323 0.000630 0.000000 0.000000 0.013700 0.175000
-796.488957 0.000752 1000.004357 19.897699 0.002334 0.000637 0.000000 0.000000 0.013800 0.176000
-796.469060 0.000765 1000.004404 19.897110 0.002345 0.000644 0.000000 0.000000 0.013900 0.177000
-796.449163 0.000777 1000.004451 19.896521 0.002355 0.000651 0.000000 0.000000 0.014000 0.178000
-796.429267 0.000790 1000.004497 19.895932 0.002366 0.000658 0.000000 0.000000 0.014100 0.179000
-796.409371 0.000804 1000.004545 19.895343 0.002376 0.000665 0.000000 0.000000 0.014200 0.180000
-796.389476 0.000817 1000.004592 19.894753 0.002387 0.000672 0.000000 0.000000 0.014300 0.181000
-796.369582 0.000830 1000.004640 19.894164 0.002397 0.000679 0.000000 0.000000 0.014400 0.182000
-796.349688 0.000844 1000.004687 19.893575 0.002408 0.000687 0.000000 0.000000 0.014500 0.183000
-796.329794 0.000858 1000.004735 19.892985 0.002418 0.000694 0.000000 0.000000 0.014600 0.184000
-796.309902 0.000871 1000.004784 19.892395 0.002429 0.000701 0.000000 0.000000 0.014700 0.185000
-796.290010 0.000886 1000.004832 19.891806 0.002439 0.000709 0.000000 0.000000 0.014800 0.186000
-796.270118 0.000900 1000.004881 19.891216 0.002449 0.000716 0.000000 0.000000 0.014900 0.187000
-796.250227 0.000914 1000.004929 19.890626 0.002460 0.000724 0.000000 0.000000 0.014800 0.188000
-796.230337 0.000928 1000.004978 19.890036 0.002470 0.000731 0.000000 0.000000 0.014900 0.189000
-796.210447 0.000943 1000.005028 19.889446 0.002480 0.000739 0.000000 0.000000 0.015000 0.190000
-796.190558 0.000958 1000.005077 19.888856 0.002490 0.000746 0.000000 0.000000 0.015100 0.191000
-796.170670 0.000973 1000.005127 19.888266 0.002501 0.000754 0.000000 0.000000 0.015200 0.192000
-796.150782 0.000988 1000.005176 19.887676 0.002511 0.000761 0.000000 0.000000 0.015300 0.193000
-796.130894 0.001003 1000.005226 19.887086 0.002521 0.000769 0.000000 0.000000 0.015400 0.194000
-796.111008 0.001018 1000.005277 19.886495 0.002531 0.000777 0.000000 0.000000 0.015300 0.195000
-796.091122 0.001034 1000.005327 19.885905 0.002541 0.000785 0.000000 0.000000 0.015400 0.196000
-796.071236 0.001050 1000.005378 19.885315 0.002551 0.000792 0.000000 0.000000 0.015500 0.197000
-796.051351 0.001065 1000.005429 19.884724 0.002561 0.000800 0.000000 0.000000 0.015600 0.198000
-796.031467 0.001081 1000.005480 19.884134 0.002571 0.000808 0.000000 0.000000 0.015700 0.199000
-796.011583 0.001097 1000.005531 19.883543 0.002581 0.000816 0.000000 0.000000 0.015800 0.200000
-795.991700 0.001114 1000.005582 19.882952 0.002591 0.000824 0.000000 0.000000 0.015900 0.201000
-795.971817 0.001130 1000.005634 19.882362 0.002601 0.000832 0.000000 0.000000 0.016000 0.202000
-795.951935 0.001147 1000.005686 19.881771 0.002611 0.000840 0.000000 0.000000 0.016100 0.203000
-795.932054 0.001164 1000.005738 19.881180 0.002621 0.000848 0.000000 0.000000 0.016200 0.204000
-795.912173 0.001181 1000.005790 19.880589 0.002630 0.000856 0.000000 0.000000 0.016300 0.205000
-795.892292 0.001198 1000.005842 19.879998 0.002640 0.000864 0.000000 0.000000 0.016300 0.206000
-795.872413 0.001215 1000.005895 19.879407 0.002650 0.000873 0.000000 0.000000 0.016400 0.207000
-795.852534 0.001232 1000.005948 19.878816 0.002660 0.000881 0.000000 0.000000 0.016500 0.208000
-795.832655 0.001250 1000.006000 19.878225 0.002669 0.000889 0.000000 0.000000 0.016600 0.209000
-795.812777 0.001268 1000.006054 19.877633 0.002679 0.000897 0.000000 0.000000 0.016700 0.210000
-795.792900 0.001286 1000.006107 19.877042 0.002689 0.000906 0.000000 0.000000 0.016800 0.211000
-795.773023 0.001304 1000.006160 19.876451 0.002698 0.000914 0.000000 0.000000 0.016900 0.212000
-795.753147 0.001322 1000.006214 19.875859 0.002708 0.000923 0.000000 0.000000 0.016800 0.213000
-795.733272 0.001340 1000.006268 19.875268 0.002717 0.000931 0.000000 0.000000 0.016900 0.214000
-795.713397 0.001359 1000.006322 19.874676 0.002727 0.000940 0.000000 0.000000 0.016900 0.215000
-795.693523 0.001378 1000.006376 19.874085 0.002736 0.000948 0.000000 0.000000 0.017000 0.216000
-795.673649 0.001397 1000.006431 19.873493 0.002746 0.000957 0.000000 0.000000 0.017100 0.217000
-795.653776 0.001416 1000.006486 19.872901 0.002755 0.000965 0.000000 0.000000 0.017200 0.218000
-795.633903 0.001435 1000.006540 19.872309 0.002764 0.000974 0.000000 0.000000 0.017300 0.219000
-795.614031 0.001454 1000.006595 19.871718 0.002774 0.000983 0.000000 0.000000 0.017400 0.220000
-795.594160 0.001474 1000.006651 19.871126 0.002783 0.000992 0.000000 0.000000 0.017500 0.221000
-795.574289 0.001494 1000.006706 19.870534 0.002792 0.001000 0.000000 0.000000 0.017600 0.222000
-795.554419 0.001514 1000.006762 19.869942 0.002802 0.001009 0.000000 0.000000 0.017700 0.223000
-795.534549 0.001534 1000.006817 19.869350 0.002811 0.001018 0.000000 0.000000 0.017800 0.224000
-795.514680 0.001554 1000.006873 19.868758 0.002820 0.001027 0.000000 0.000000 0.017900 0.225000
-795.494812 0.001575 1000.006929 19.868165 0.002829 0.001036 0.000000 0.000000 0.018000 0.226000
-795.474944 0.001595 1000.006986 19.867573 0.002838 0.001045 0.000000 0.000000 0.017900 0.227000
-795.455077 0.001616 1000.007042 19.866981 0.002847 0.001054 0.000000 0.000000 0.018000 0.228000
-795.435210 0.001637 1000.007099 19.866389 0.002856 0.001063 0.000000 0.000000 0.018100 0.229000
-795.415344 0.001658 1000.007156 19.865796 0.002866 0.001072 0.000000 0.000000 0.018200 0.230000
-795.395479 0.001680 1000.007213 19.865204 0.002875 0.001081 0.000000 0.000000 0.018300 0.231000
-795.375614 0.001701 1000.007270 19.864611 0.002884 0.001091 0.000000 0.000000 0.018400 0.232000
-795.355750 0.001723 1000.007327 19.864019 0.002892 0.001100 0.000000 0.000000 0.018300 0.233000
-795.335886 0.001745 1000.007385 19.863426 0.002901 0.001109 0.000000 0.000000 0.018400 0.234000
-795.316023 0.001767 1000.007442 19.862833 0.002910 0.001118 0.000000 0.000000 0.018500 0.235000
-795.296160 0.001789 1000.007500 19.862241 0.002919 0.001128 0.000000 0.000000 0.018600 0.236000
-795.276299 0.001812 1000.007558 19.861648 0.002928 0.001137 0.000000 0.000000 0.018700 0.237000
-795.256437 0.001835 1000.007617 19.861055 0.002937 0.001146 0.000000 0.000000 0.018800 0.238000
-795.236577 0.001857 1000.007675 19.860462 0.002946 0.001156 0.000000 0.000000 0.018900 0.239000
-795.216717 0.001880 1000.007734 19.859869 0.002954 0.001165 0.000000 0.000000 0.019000 0.240000
-795.196857 0.001904 1000.007792 19.859276 0.002963 0.001175 0.000000 0.000000 0.019100 0.241000
-795.176998 0.001927 1000.007851 19.858683 0.002972 0.001184 0.000000 0.000000 0.019200 0.242000
-795.157140 0.001951 1000.007910 19.858090 0.002980 0.001194 0.000000 0.000000 0.019300 0.243000
-795.137282 0.001974 1000.007970 19.857497 0.002989 0.001204 0.000000 0.000000 0.019400 0.244000
-795.117425 0.001998 1000.008029 19.856904 0.002998 0.001214 0.000000 0.000000 0.019300 0.245000
-795.097568 0.002023 1000.008089 19.856310 0.003006 0.001223 0.000000 0.000000 0.019400 0.246000
-795.077712 0.002047 1000.008148 19.855717 0.003015 0.001233 0.000000 0.000000 0.019500 0.247000
-795.057857 0.002072 1000.008208 19.855124 0.003023 0.001243 0.000000 0.000000 0.019600 0.248000
-795.038002 0.002096 1000.008268 19.854530 0.003032 0.001253 0.000000 0.000000 0.019600 0.249000
-795.018148 0.002121 1000.008329 19.853937 0.003040 0.001263 0.000000 0.000000 0.019700 0.250000
-794.998295 0.002146 1000.008389 19.853343 0.003048 0.001272 0.000000 0.000000 0.019800 0.251000
-794.978442 0.002172 1000.008450 19.852750 0.003057 0.001282 0.000000 0.000000 0.019900 0.252000
-794.958589 0.002197 1000.008510 19.852156 0.003065 0.001292 0.000000 0.000000 0.020000 0.253000
-794.938738 0.002223 1000.008571 19.851563 0.003073 0.001302 0.000000 0.000000 0.020100 0.254000
-794.918886 0.002249 1000.008632 19.850969 0.003082 0.001313 0.000000 0.000000 0.020200 0.255000
-794.899036 0.002275 1000.008694 19.850375 0.003090 0.001323 0.000000 0.000000 0.020300 0.256000
-794.879186 0.002302 1000.008755 19.849781 0.003098 0.001333 0.000000 0.000000 0.020400 0.257000
-794.859336 0.002328 1000.008817 19.849188 0.003106 0.001343 0.000000 0.000000 0.020500 0.258000
-794.839488 0.002355 1000.008878 19.848594 0.003114 0.001353 0.000000 0.000000 0.020500 0.259000
-794.819639 0.002382 1000.008940 19.848000 0.003123 0.001364 0.000000 0.000000 0.020500 0.260000
-794.799792 0.002409 1000.009002 19.847406 0.003131 0.001374 0.000000 0.000000 0.020600 0.261000
-794.779945 0.002436 1000.009065 19.846812 0.003139 0.001384 0.000000 0.000000 0.020700 0.262000
-794.760098 0.002464 1000.009127 19.846218 0.003147 0.001395 0.000000 0.000000 0.020800 0.263000
-794.740252 0.002492 1000.009189 19.845624 0.003155 0.001405 0.000000 0.000000 0.020900 0.264000
-794.720407 0.002520 1000.009252 19.845030 0.003163 0.001416 0.000000 0.000000 0.021000 0.265000
-794.700563 0.002548 1000.009315 19.844435 0.003171 0.001426 0.000000 0.000000 0.021100 0.266000
-794.680719 0.002576 1000.009378 19.843841 0.003179 0.001437 0.000000 0.000000 0.021200 0.267000
-794.660875 0.002605 1000.009441 19.843247 0.003187 0.001448 0.000000 0.000000 0.021300 0.268000
-794.641032 0.002634 1000.009504 19.842652 0.003194 0.001458 0.000000 0.000000 0.021400 0.269000
-794.621190 0.002663 1000.009568 19.842058 0.003202 0.001469 0.000000 0.000000 0.021500 0.270000
-794.601348 0.002692 1000.009631 19.841464 0.003210 0.001480 0.000000 0.000000 0.021600 0.271000
-794.581507 0.002721 1000.009695 19.840869 0.003218 0.001491 0.000000 0.000000 0.021700 0.272000
-794.561667 0.002751 1000.009759 19.840275 0.003225 0.001502 0.000000 0.000000 0.021800 0.273000
-794.541827 0.002781 1000.009823 19.839680 0.003233 0.001512 0.000000 0.000000 0.021900 0.274000
-794.521988 0.002811 1000.009887 19.839086 0.003241 0.001523 0.000000 0.000000 0.022000 0.275000
-794.502149 0.002841 1000.009952 19.838491 0.003248 0.001535 0.000000 0.000000 0.022100 0.276000
-794.482311 0.002872 1000.010016 19.837896 0.003256 0.001546 0.000000 0.000000 0.022200 0.277000
-794.462473 0.002903 1000.010081 19.837302 0.003264 0.001557 0.000000 0.000000 0.022300 0.278000
-794.442636 0.002934 1000.010146 19.836707 0.003271 0.001568 0.000000 0.000000 0.022300 0.279000
-794.422800 0.002965 1000.010211 19.836112 0.003279 0.001579 0.000000 0.000000 0.022400 0.280000
-794.402964 0.002996 1000.010276 19.835517 0.003286 0.001590 0.000000 0.000000 0.022500 0.281000
-794.383129 0.003028 1000.010341 19.834922 0.003294 0.001602 0.000000 0.000000 0.022600 0.282000
-794.363295 0.003060 1000.010406 19.834328 0.003301 0.001613 0.000000 0.000000 0.022700 0.283000
-794.343461 0.003092 1000.010472 19.833733 0.003308 0.001624 0.000000 0.000000 0.022800 0.284000
-794.323627 0.003124 1000.010538 19.833138 0.003316 0.001636 0.000000 0.000000 0.022900 0.285000
-794.303795 0.003157 1000.010604 19.832543 0.003323 0.001647 0.000000 0.000000 0.023000 0.286000
-794.283963 0.003190 1000.010669 19.831948 0.003330 0.001659 0.000000 0.000000 0.023100 0.287000
-794.264131 0.003223 1000.010736 19.831353 0.003338 0.001671 0.000000 0.000000 0.023200 0.288000
-794.244300 0.003256 1000.010802 19.830757 0.003345 0.001682 0.000000 0.000000 0.023300 0.289000
-794.224470 0.003289 1000.010868 19.830162 0.003352 0.001694 0.000000 0.000000 0.023400 0.290000
-794.204640 0.003323 1000.010935 19.829567 0.003359 0.001706 0.000000 0.000000 0.023500 0.291000
-794.184811 0.003357 1000.011001 19.828972 0.003366 0.001717 0.000000 0.000000 0.023400 0.292000
-794.164982 0.003391 1000.011068 19.828377 0.003373 0.001729 0.000000 0.000000 0.023300 0.293000
-794.145154 0.003425 1000.011135 19.827781 0.003381 0.001741 0.000000 0.000000 0.023400 0.294000
-794.125327 0.003460 1000.011202 19.827186 0.003388 0.001753 0.000000 0.000000 0.023300 0.295000
-794.105500 0.003495 1000.011270 19.826590 0.003395 0.001764 0.000000 0.000000 0.023400 0.296000
-794.085674 0.003530 1000.011337 19.825995 0.003402 0.001776 0.000000 0.000000 0.023500 0.297000
-794.065848 0.003565 1000.011404 19.825400 0.003409 0.001788 0.000000 0.000000 0.023600 0.298000
-794.046023 0.003601 1000.011472 19.824804 0.003416 0.001800 0.000000 0.000000 0.023700 0.299000
-794.026199 0.003637 1000.011540 19.824209 0.003422 0.001812 0.000000 0.000000 0.023800 0.300000
-794.006375 0.003673 1000.011608 19.823613 0.003429 0.001824 0.000000 0.000000 0.023900 0.301000
-793.986552 0.003709 1000.011676 19.823017 0.003436 0.001836 0.000000 0.000000 0.024000 0.302000
-793.966729 0.003745 1000.011744 19.822422 0.003443 0.001848 0.000000 0.000000 0.024100 0.303000
-793.946907 0.003782 1000.011812 19.821826 0.003450 0.001860 0.000000 0.000000 0.024200 0.304000
-793.927086 0.003819 1000.011881 19.821231 0.003456 0.001872 0.000000 0.000000 0.024300 0.305000
-793.907265 0.003856 1000.011949 19.820635 0.003463 0.001884 0.000000 0.000000 0.024400 0.306000
-793.887445 0.003894 1000.012018 19.820039 0.003470 0.001896 0.000000 0.000000 0.024500 0.307000
-793.867625 0.003931 1000.012087 19.819443 0.003476 0.001909 0.000000 0.000000 0.024600 0.308000
-793.847806 0.003969 1000.012156 19.818847 0.003483 0.001921 0.000000 0.000000 0.024600 0.309000
-793.827988 0.004008 1000.012225 19.818252 0.003490 0.001933 0.000000 0.000000 0.024700 0.310000
-793.808170 0.004046 1000.012294 19.817656 0.003496 0.001946 0.000000 0.000000 0.024800 0.311000
-793.788353 0.004085 1000.012363 19.817060 0.003503 0.001958 0.000000 0.000000 0.024800 0.312000
-793.768536 0.004124 1000.012433 19.816464 0.003509 0.001970 0.000000 0.000000 0.024900 0.313000
-793.748720 0.004163 1000.012502 19.815868 0.003516 0.001983 0.000000 0.000000 0.025000 0.314000
-793.728905 0.004202 1000.012572 19.815272 0.003522 0.001996 0.000000 0.000000 0.025100 0.315000
-793.709090 0.004242 1000.012642 19.814676 0.003529 0.002008 0.000000 0.000000 0.025200 0.316000
-793.689276 0.004282 1000.012712 19.814080 0.003535 0.002021 0.000000 0.000000 0.025300 0.317000
-793.669462 0.004322 1000.012782 19.813484 0.003541 0.002033 0.000000 0.000000 0.025400 0.318000
-793.649649 0.004362 1000.012852 19.812888 0.003548 0.002046 0.000000 0.000000 0.025500 0.319000
-793.629837 0.004403 1000.012923 19.812292 0.003554 0.002059 0.000000 0.000000 0.025600 0.320000
-793.610025 0.004444 1000.012993 19.811695 0.003560 0.002072 0.000000 0.000000 0.025700 0.321000
-793.590213 0.004485 1000.013064 19.811099 0.003566 0.002085 0.000000 0.000000 0.025800 0.322000
-793.570403 0.004526 1000.013134 19.810503 0.003572 0.002098 0.000000 0.000000 0.025900 0.323000
-793.550593 0.004568 1000.013205 19.809907 0.003579 0.002111 0.000000 0.000000 0.026000 0.324000
-793.530783 0.004610 1000.013276 19.809310 0.003585 0.002124 0.000000 0.000000 0.026100 0.325000
-793.510974 0.004652 1000.013347 19.808714 0.003591 0.002137 0.000000 0.000000 0.026200 0.326000
-793.491166 0.004695 1000.013418 19.808118 0.003597 0.002150 0.000000 0.000000 0.026300 0.327000
-793.471358 0.004737 1000.013490 19.807522 0.003603 0.002163 0.000000 0.000000 0.026400 0.328000
-793.451551 0.004780 1000.013561 19.806925 0.003609 0.002176 0.000000 0.000000 0.026500 0.329000
-793.431745 0.004823 1000.013633 19.806329 0.003615 0.002190 0.000000 0.000000 0.026500 0.330000
-793.411939 0.004867 1000.013704 19.805732 0.003621 0.002203 0.000000 0.000000 0.026600 0.331000
-793.392134 0.004911 1000.013776 19.805136 0.003627 0.002216 0.000000 0.000000 0.026700 0.332000
-793.372329 0.004955 1000.013848 19.804539 0.003633 0.002230 0.000000 0.000000 0.026800 0.333000
-793.352525 0.004999 1000.013920 19.803943 0.003638 0.002243 0.000000 0.000000 0.026900 0.334000
-793.332721 0.005044 1000.013992 19.803346 0.003644 0.002257 0.000000 0.000000 0.027000 0.335000
-793.312919 0.005088 1000.014064 19.802750 0.003650 0.002270 0.000000 0.000000 0.027100 0.336000
-793.293116 0.005133 1000.014137 19.802153 0.003656 0.002284 0.000000 0.000000 0.027200 0.337000
-793.273315 0.005179 1000.014209 19.801557 0.003661 0.002297 0.000000 0.000000 0.027300 0.338000
-793.253513 0.005224 1000.014282 19.800960 0.003667 0.002311 0.000000 0.000000 0.027400 0.339000
-793.233713 0.005270 1000.014354 19.800363 0.003673 0.002325 0.000000 0.000000 0.027500 0.340000
-793.213913 0.005316 1000.014427 19.799767 0.003678 0.002338 0.000000 0.000000 0.027600 0.341000
-793.194114 0.005363 1000.014500 19.799170 0.003684 0.002352 0.000000 0.000000 0.027700 0.342000
-793.174315 0.005410 1000.014573 19.798573 0.003689 0.002366 0.000000 0.000000 0.027800 0.343000
-793.154517 0.005456 1000.014646 19.797977 0.003695 0.002380 0.000000 0.000000 0.027900 0.344000
-793.134719 0.005504 1000.014719 19.797380 0.003701 0.002394 0.000000 0.000000 0.028000 0.345000
-793.114922 0.005551 1000.014792 19.796783 0.003706 0.002408 0.000000 0.000000 0.028100 0.346000
-793.095126 0.005599 1000.014866 19.796186 0.003711 0.002422 0.000000 0.000000 0.028200 0.347000
-793.075330 0.005647 1000.014939 19.795590 0.003717 0.002436 0.000000 0.000000 0.028100 0.348000
-793.055535 0.005695 1000.015013 19.794993 0.003722 0.002450 0.000000 0.000000 0.028000 0.349000
-793.035741 0.005744 1000.015087 19.794396 0.003728 0.002464 0.000000 0.000000 0.028100 0.350000
-793.015947 0.005793 1000.015161 19.793799 0.003733 0.002479 0.000000 0.000000 0.028200 0.351000
-792.996154 0.005842 1000.015235 19.793202 0.003738 0.002493 0.000000 0.000000 0.028100 0.352000
-792.976361 0.005892 1000.015309 19.792605 0.003743 0.002507 0.000000 0.000000 0.028200 0.353000
-792.956569 0.005941 1000.015383 19.792009 0.003749 0.002521 0.000000 0.000000 0.028300 0.354000
-792.936777 0.005991 1000.015457 19.791412 0.003754 0.002535 0.000000 0.000000 0.028400 0.355000
-792.916986 0.006042 1000.015531 19.790815 0.003759 0.002549 0.000000 0.000000 0.028500 0.356000
-792.897196 0.006092 1000.015606 19.790218 0.003764 0.002564 0.000000 0.000000 0.028600 0.357000
-792.877406 0.006143 1000.015680 19.789621 0.003769 0.002578 0.000000 0.000000 0.028700 0.358000
-792.857617 0.006194 1000.015755 19.789024 0.003774 0.002592 0.000000 0.000000 0.028800 0.359000
-792.837828 0.006246 1000.015830 19.788427 0.003779 0.002607 0.000000 0.000000 0.028900 0.360000
-792.818040 0.006297 1000.015904 19.787830 0.003784 0.002621 0.000000 0.000000 0.029000 0.361000
-792.798253 0.006349 1000.015979 19.787233 0.003789 0.002636 0.000000 0.000000 0.029100 0.362000
-792.778466 0.006402 1000.016054 19.786636 0.003794 0.002650 0.000000 0.000000 0.029200 0.363000
-792.758680 0.006454 1000.016129 19.786039 0.003799 0.002665 0.000000 0.000000 0.029300 0.364000
-792.738895 0.006507 1000.016205 19.785442 0.003804 0.002680 0.000000 0.000000 0.029400 0.365000
-792.719110 0.006560 1000.016280 19.784844 0.003809 0.002694 0.000000 0.000000 0.029500 0.366000
-792.699325 0.006614 1000.016355 19.784247 0.003814 0.002709 0.000000 0.000000 0.029600 0.367000
-792.679542 0.006667 1000.016431 19.783650 0.003818 0.002724 0.000000 0.000000 0.029700 0.368000
-792.659758 0.006721 1000.016506 19.783053 0.003823 0.002739 0.000000 0.000000 0.029700 0.369000
-792.639976 0.006776 1000.016582 19.782456 0.003828 0.002754 0.000000 0.000000 0.029800 0.370000
-792.620194 0.006830 1000.016658 19.781859 0.003832 0.002769 0.000000 0.000000 0.029900 0.371000
-792.600412 0.006885 1000.016734 19.781262 0.003837 0.002783 0.000000 0.000000 0.030000 0.372000
-792.580632 0.006940 1000.016810 19.780664 0.003842 0.002799 0.000000 0.000000 0.030100 0.373000
-792.560852 0.006996 1000.016886 19.780067 0.003846 0.002814 0.000000 0.000000 0.030200 0.374000
-792.541072 0.007052 1000.016962 19.779470 0.003851 0.002829 0.000000 0.000000 0.030300 0.375000
-792.521293 0.007108 1000.017038 19.778873 0.003855 0.002844 0.000000 0.000000 0.030400 0.376000
-792.501515 0.007164 1000.017114 19.778276 0.003860 0.002859 0.000000 0.000000 0.030500 0.377000
-792.481737 0.007221 1000.017191 19.777678 0.003864 0.002874 0.000000 0.000000 0.030600 0.378000
-792.461960 0.007278 1000.017267 19.777081 0.003869 0.002890 0.000000 0.000000 0.030700 0.379000
-792.442183 0.007335 1000.017344 19.776484 0.003873 0.002905 0.000000 0.000000 0.030800 0.380000
-792.422407 0.007393 1000.017420 19.775887 0.003878 0.002920 0.000000 0.000000 0.030700 0.381000
-792.402632 0.007451 1000.017497 19.775289 0.003882 0.002936 0.000000 0.000000 0.030800 0.382000
-792.382857 0.007509 1000.017574 19.774692 0.003886 0.002951 0.000000 0.000000 0.030900 0.383000
-792.363083 0.007567 1000.017651 19.774095 0.003890 0.002967 0.000000 0.000000 0.031000 0.384000
-792.343309 0.007626 1000.017728 19.773498 0.003895 0.002982 0.000000 0.000000 0.031100 0.385000
-792.323536 0.007685 1000.017805 19.772900 0.003899 0.002998 0.000000 0.000000 0.031100 0.386000
-792.303764 0.007745 1000.017882 19.772303 0.003903 0.003013 0.000000 0.000000 0.031200 0.387000
-792.283992 0.007804 1000.017959 19.771706 0.003907 0.003029 0.000000 0.000000 0.031300 0.388000
-792.264221 0.007864 1000.018036 19.771108 0.003911 0.003045 0.000000 0.000000 0.031400 0.389000
-792.244450 0.007925 1000.018114 19.770511 0.003915 0.003060 0.000000 0.000000 0.031500 0.390000
-792.224680 0.007985 1000.018191 19.769914 0.003920 0.003076 0.000000 0.000000 0.031600 0.391000
-792.204911 0.008046 1000.018269 19.769316 0.003924 0.003092 0.000000 0.000000 0.031500 0.392000
-792.185142 0.008108 1000.018346 19.768719 0.003928 0.003108 0.000000 0.000000 0.031600 0.393000
-792.165374 0.008169 1000.018424 19.768122 0.003932 0.003124 0.000000 0.000000 0.031700 0.394000
-792.145606 0.008231 1000.018502 19.767524 0.003935 0.003139 0.000000 0.000000 0.031800 0.395000
-792.125839 0.008293 1000.018580 19.766927 0.003939 0.003155 0.000000 0.000000 0.031700 0.396000
-792.106073 0.008356 1000.018658 19.766329 0.003943 0.003171 0.000000 0.000000 0.031800 0.397000
-792.086307 0.008419 1000.018736 19.765732 0.003947 0.003187 0.000000 0.000000 0.031900 0.398000
-792.066542 0.008482 1000.018814 19.765135 0.003951 0.003203 0.000000 0.000000 0.032000 0.399000
-792.046777 0.008545 1000.018892 19.764537 0.003955 0.003219 0.000000 0.000000 0.032100 0.400000
-792.027013 0.008609 1000.018970 19.763940 0.003958 0.003235 0.000000 0.000000 0.032200 0.401000
-792.007250 0.008673 1000.019048 19.763343 0.003962 0.003251 0.000000 0.000000 0.032300 0.402000
-791.987487 0.008737 1000.019126 19.762745 0.003966 0.003267 0.000000 0.000000 0.032300 0.403000
-791.967725 0.008802 1000.019205 19.762148 0.003969 0.003284 0.000000 0.000000 0.032400 0.404000
-791.947963 0.008867 1000.019283 19.761550 0.003973 0.003300 0.000000 0.000000 0.032500 0.405000
-791.928202 0.008932 1000.019362 19.760953 0.003977 0.003316 0.000000 0.000000 0.032400 0.406000
-791.908442 0.008998 1000.019441 19.760356 0.003980 0.003332 0.000000 0.000000 0.032500 0.407000
-791.888682 0.009064 1000.019519 19.759758 0.003984 0.003348 0.000000 0.000000 0.032500 0.408000
-791.868923 0.009130 1000.019598 19.759161 0.003987 0.003365 0.000000 0.000000 0.032600 0.409000
-791.849164 0.009197 1000.019677 19.758563 0.003991 0.003381 0.000000 0.000000 0.032700 0.410000
-791.829406 0.009264 1000.019756 19.757966 0.003994 0.003397 0.000000 0.000000 0.032800 0.411000
-791.809649 0.009331 1000.019835 19.757369 0.003998 0.003414 0.000000 0.000000 0.032900 0.412000
-791.789892 0.009399 1000.019914 19.756771 0.004001 0.003430 0.000000 0.000000 0.033000 0.413000
-791.770135 0.009467 1000.019993 19.756174 0.004004 0.003447 0.000000 0.000000 0.033100 0.414000
-791.750380 0.009535 1000.020072 19.755576 0.004008 0.003463 0.000000 0.000000 0.033100 0.415000
-791.730625 0.009604 1000.020151 19.754979 0.004011 0.003480 0.000000 0.000000 0.033200 0.416000
-791.710870 0.009672 1000.020230 19.754382 0.004014 0.003496 0.000000 0.000000 0.033300 0.417000
-791.691117 0.009742 1000.020310 19.753784 0.004017 0.003513 0.000000 0.000000 0.033200 0.418000
-791.671363 0.009811 1000.020389 19.753187 0.004020 0.003530 0.000000 0.000000 0.033300 0.419000
-791.651611 0.009881 1000.020468 19.752590 0.004024 0.003546 0.000000 0.000000 0.033400 0.420000
-791.631859 0.009951 1000.020548 19.751992 0.004027 0.003563 0.000000 0.000000 0.033500 0.421000
-791.612107 0.010022 1000.020627 19.751395 0.004030 0.003580 0.000000 0.000000 0.033600 0.422000
-791.592356 0.010093 1000.020707 19.750797 0.004033 0.003597 0.000000 0.000000 0.033500 0.423000
-791.572606 0.010164 1000.020787 19.750200 0.004036 0.003613 0.000000 0.000000 0.033600 0.424000
-791.552856 0.010235 1000.020867 19.749603 0.004039 0.003630 0.000000 0.000000 0.033700 0.425000
-791.533107 0.010307 1000.020946 19.749005 0.004042 0.003647 0.000000 0.000000 0.033800 0.426000
-791.513359 0.010379 1000.021026 19.748408 0.004045 0.003664 0.000000 0.000000 0.033800 0.427000
-791.493611 0.010452 1000.021106 19.747811 0.004048 0.003681 0.000000 0.000000 0.033900 0.428000
-791.473864 0.010525 1000.021186 19.747213 0.004051 0.003698 0.000000 0.000000 0.034000 0.429000
-791.454117 0.010598 1000.021266 19.746616 0.004053 0.003715 0.000000 0.000000 0.034100 0.430000
-791.434371 0.010671 1000.021346 19.746019 0.004056 0.003732 0.000000 0.000000 0.034200 0.431000
-791.414626 0.010745 1000.021426 19.745421 0.004059 0.003749 0.000000 0.000000 0.034300 0.432000
-791.394881 0.010819 1000.021506 19.744824 0.004062 0.003766 0.000000 0.000000 0.034400 0.433000
-791.375137 0.010894 1000.021587 19.744227 0.004064 0.003783 0.000000 0.000000 0.034500 0.434000
-791.355393 0.010969 1000.021667 19.743629 0.004067 0.003800 0.000000 0.000000 0.034600 0.435000
-791.335650 0.011044 1000.021747 19.743032 0.004070 0.003818 0.000000 0.000000 0.034700 0.436000
-791.315908 0.011119 1000.021828 19.742435 0.004072 0.003835 0.000000 0.000000 0.034800 0.437000
-791.296166 0.011195 1000.021908 19.741837 0.004075 0.003852 0.000000 0.000000 0.034800 0.438000
-791.276424 0.011272 1000.021988 19.741240 0.004078 0.003870 0.000000 0.000000 0.034800 0.439000
-791.256684 0.011348 1000.022069 19.740643 0.004080 0.003887 0.000000 0.000000 0.034900 0.440000
-791.236944 0.011425 1000.022150 19.740046 0.004083 0.003905 0.000000 0.000000 0.035000 0.441000
-791.217204 0.011502 1000.022230 19.739448 0.004085 0.003922 0.000000 0.000000 0.035100 0.442000
-791.197465 0.011580 1000.022311 19.738851 0.004087 0.003940 0.000000 0.000000 0.035200 0.443000
-791.177727 0.011658 1000.022392 19.738254 0.004090 0.003957 0.000000 0.000000 0.035300 0.444000
-791.157989 0.011736 1000.022472 19.737657 0.004092 0.003975 0.000000 0.000000 0.035400 0.445000
-791.138252 0.011815 1000.022553 19.737060 0.004095 0.003993 0.000000 0.000000 0.035400 0.446000
-791.118516 0.011894 1000.022634 19.736462 0.004097 0.004010 0.000000 0.000000 0.035500 0.447000
-791.098780 0.011973 1000.022715 19.735865 0.004099 0.004028 0.000000 0.000000 0.035600 0.448000
-791.079045 0.012052 1000.022796 19.735268 0.004101 0.004046 0.000000 0.000000 0.035700 0.449000
-791.059310 0.012132 1000.022877 19.734671 0.004104 0.004064 0.000000 0.000000 0.035800 0.450000
-791.039576 0.012213 1000.022958 19.734074 0.004106 0.004081 0.000000 0.000000 0.035900 0.451000
-791.019843 0.012294 1000.023039 19.733477 0.004108 0.004099 0.000000 0.000000 0.036000 0.452000
-791.000110 0.012375 1000.023120 19.732879 0.004110 0.004117 0.000000 0.000000 0.036100 0.453000
-790.980377 0.012456 1000.023201 19.732282 0.004112 0.004135 0.000000 0.000000 0.036200 0.454000
-790.960646 0.012538 1000.023282 19.731685 0.004114 0.004153 0.000000 0.000000 0.036300 0.455000
-790.940915 0.012620 1000.023363 19.731088 0.004116 0.004172 0.000000 0.000000 0.036400 0.456000
-790.921184 0.012702 1000.023444 19.730491 0.004118 0.004190 0.000000 0.000000 0.036500 0.457000
-790.901454 0.012785 1000.023526 19.729894 0.004120 0.004208 0.000000 0.000000 0.036600 0.458000
-790.881725 0.012868 1000.023607 19.729297 0.004122 0.004226 0.000000 0.000000 0.036700 0.459000
-790.861996 0.012952 1000.023688 19.728700 0.004124 0.004245 0.000000 0.000000 0.036800 0.460000
-790.842268 0.013036 1000.023770 19.728103 0.004126 0.004263 0.000000 0.000000 0.036900 0.461000
-790.822541 0.013120 1000.023851 19.727506 0.004128 0.004281 0.000000 0.000000 0.036800 0.462000
-790.802814 0.013205 1000.023933 19.726909 0.004129 0.004300 0.000000 0.000000 0.036900 0.463000
-790.783088 0.013290 1000.024014 19.726312 0.004131 0.004318 0.000000 0.000000 0.037000 0.464000
-790.763362 0.013375 1000.024096 19.725715 0.004133 0.004337 0.000000 0.000000 0.037100 0.465000
-790.743637 0.013461 1000.024177 19.725118 0.004135 0.004355 0.000000 0.000000 0.037200 0.466000
-790.723912 0.013547 1000.024259 19.724521 0.004136 0.004374 0.000000 0.000000 0.037300 0.467000
-790.704188 0.013633 1000.024340 19.723924 0.004138 0.004392 0.000000 0.000000 0.037400 0.468000
-790.684465 0.013720 1000.024422 19.723327 0.004139 0.004411 0.000000 0.000000 0.037500 0.469000
-790.664742 0.013807 1000.024504 19.722731 0.004141 0.004430 0.000000 0.000000 0.037600 0.470000
-790.645020 0.013895 1000.024585 19.722134 0.004143 0.004449 0.000000 0.000000 0.037700 0.471000
-790.625299 0.013983 1000.024667 19.721537 0.004144 0.004467 0.000000 0.000000 0.037800 0.472000
-790.605578 0.014071 1000.024749 19.720940 0.004146 0.004486 0.000000 0.000000 0.037900 0.473000
-790.585858 0.014160 1000.024830 19.720343 0.004147 0.004505 0.000000 0.000000 0.038000 0.474000
-790.566138 0.014249 1000.024912 19.719747 0.004148 0.004524 0.000000 0.000000 0.038100 0.475000
-790.546419 0.014338 1000.024994 19.719150 0.004150 0.004543 0.000000 0.000000 0.038200 0.476000
-790.526700 0.014428 1000.025076 19.718553 0.004151 0.004562 0.000000 0.000000 0.038300 0.477000
-790.506982 0.014518 1000.025158 19.717956 0.004152 0.004581 0.000000 0.000000 0.038400 0.478000
-790.487265 0.014608 1000.025240 19.717360 0.004154 0.004600 0.000000 0.000000 0.038300 0.479000
-790.467548 0.014699 1000.025322 19.716763 0.004155 0.004620 0.000000 0.000000 0.038400 0.480000
-790.447832 0.014790 1000.025404 19.716166 0.004156 0.004639 0.000000 0.000000 0.038500 0.481000
-790.428117 0.014882 1000.025485 19.715570 0.004157 0.004658 0.000000 0.000000 0.038600 0.482000
-790.408402 0.014974 1000.025567 19.714973 0.004159 0.004677 0.000000 0.000000 0.038700 0.483000
-790.388687 0.015066 1000.025649 19.714377 0.004160 0.004697 0.000000 0.000000 0.038800 0.484000
-790.368974 0.015159 1000.025731 19.713780 0.004161 0.004716 0.000000 0.000000 0.038900 0.485000
-790.349261 0.015252 1000.025814 19.713184 0.004162 0.004735 0.000000 0.000000 0.039000 0.486000
-790.329548 0.015346 1000.025896 19.712587 0.004163 0.004755 0.000000 0.000000 0.039100 0.487000
-790.309836 0.015440 1000.025978 19.711991 0.004164 0.004774 0.000000 0.000000 0.039200 0.488000
-790.290125 0.015534 1000.026060 19.711394 0.004165 0.004794 0.000000 0.000000 0.039300 0.489000
-790.270414 0.015629 1000.026142 19.710798 0.004166 0.004813 0.000000 0.000000 0.039400 0.490000
-790.250704 0.015724 1000.026224 19.710201 0.004167 0.004833 0.000000 0.000000 0.039500 0.491000
-790.230994 0.015819 1000.026306 19.709605 0.004168 0.004853 0.000000 0.000000 0.039600 0.492000
-790.211286 0.015915 1000.026388 19.709009 0.004168 0.004873 0.000000 0.000000 0.039700 0.493000
-790.191577 0.016011 1000.026470 19.708412 0.004169 0.004892 0.000000 0.000000 0.039800 0.494000
-790.171869 0.016108 1000.026553 19.707816 0.004170 0.004912 0.000000 0.000000 0.039900 0.495000
-790.152162 0.016205 1000.026635 19.707220 0.004171 0.004932 0.000000 0.000000 0.040000 0.496000
-790.132456 0.016302 1000.026717 19.706623 0.004171 0.004952 0.000000 0.000000 0.040100 0.497000
-790.112750 0.016400 1000.026799 19.706027 0.004172 0.004972 0.000000 0.000000 0.040200 0.498000
-790.093045 0.016498 1000.026881 19.705431 0.004173 0.004992 0.000000 0.000000 0.040300 0.499000
-790.073340 0.016597 1000.026964 19.704835 0.004173 0.005012 0.000000 0.000000 0.040400 0.500000
-790.053636 0.016696 1000.027046 19.704239 0.004174 0.005032 0.000000 0.000000 0.040500 0.501000
-790.033932 0.016795 1000.027128 19.703642 0.004175 0.005053 0.000000 0.000000 0.040600 0.502000
-790.014229 0.016895 1000.027210 19.703046 0.004175 0.005073 0.000000 0.000000 0.040700 0.503000
-789.994527 0.016995 1000.027293 19.702450 0.004176 0.005093 0.000000 0.000000 0.040800 0.504000
-789.974825 0.017095 1000.027375 19.701854 0.004176 0.005113 0.000000 0.000000 0.040900 0.505000
-789.955124 0.017196 1000.027457 19.701258 0.004176 0.005134 0.000000 0.000000 0.041000 0.506000
-789.935423 0.017298 1000.027539 19.700662 0.004177 0.005154 0.000000 0.000000 0.041000 0.507000
-789.915723 0.017399 1000.027622 19.700066 0.004177 0.005175 0.000000 0.000000 0.041100 0.508000
-789.896024 0.017501 1000.027704 19.699470 0.004177 0.005195 0.000000 0.000000 0.041200 0.509000
-789.876325 0.017604 1000.027786 19.698875 0.004178 0.005216 0.000000 0.000000 0.041300 0.510000
-789.856627 0.017707 1000.027869 19.698279 0.004178 0.005236 0.000000 0.000000 0.041400 0.511000
-789.836929 0.017810 1000.027951 19.697683 0.004178 0.005257 0.000000 0.000000 0.041500 0.512000
-789.817233 0.017914 1000.028033 19.697087 0.004178 0.005278 0.000000 0.000000 0.041600 0.513000
-789.797536 0.018018 1000.028116 19.696491 0.004179 0.005298 0.000000 0.000000 0.041600 0.514000
-789.777840 0.018123 1000.028198 19.695896 0.004179 0.005319 0.000000 0.000000 0.041700 0.515000
-789.758145 0.018227 1000.028280 19.695300 0.004179 0.005340 0.000000 0.000000 0.041800 0.516000
-789.738451 0.018333 1000.028362 19.694704 0.004179 0.005361 0.000000 0.000000 0.041900 0.517000
-789.718757 0.018439 1000.028445 19.694109 0.004179 0.005382 0.000000 0.000000 0.042000 0.518000
-789.699063 0.018545 1000.028527 19.693513 0.004179 0.005403 0.000000 0.000000 0.042100 0.519000
-789.679370 0.018651 1000.028609 19.692918 0.004179 0.005424 0.000000 0.000000 0.042200 0.520000
-789.659678 0.018758 1000.028692 19.692322 0.004179 0.005445 0.000000 0.000000 0.042300 0.521000
-789.639987 0.018866 1000.028774 19.691727 0.004179 0.005466 0.000000 0.000000 0.042400 0.522000
-789.620296 0.018974 1000.028856 19.691131 0.004179 0.005487 0.000000 0.000000 0.042500 0.523000
-789.600605 0.019082 1000.028938 19.690536 0.004179 0.005508 0.000000 0.000000 0.042600 0.524000
-789.580916 0.019190 1000.029021 19.689940 0.004178 0.005529 0.000000 0.000000 0.042700 0.525000
-789.561226 0.019299 1000.029103 19.689345 0.004178 0.005551 0.000000 0.000000 0.042800 0.526000
-789.541538 0.019409 1000.029185 19.688750 0.004178 0.005572 0.000000 0.000000 0.042900 0.527000
-789.521850 0.019519 1000.029268 19.688154 0.004178 0.005593 0.000000 0.000000 0.043000 0.528000
-789.502162 0.019629 1000.029350 19.687559 0.004177 0.005615 0.000000 0.000000 0.043100 0.529000
-789.482475 0.019740 1000.029432 19.686964 0.004177 0.005636 0.000000 0.000000 0.043200 0.530000
-789.462789 0.019851 1000.029514 19.686369 0.004177 0.005658 0.000000 0.000000 0.043300 0.531000
-789.443104 0.019963 1000.029596 19.685774 0.004176 0.005679 0.000000 0.000000 0.043400 0.532000
-789.423419 0.020075 1000.029679 19.685179 0.004176 0.005701 0.000000 0.000000 0.043500 0.533000
-789.403734 0.020187 1000.029761 19.684583 0.004175 0.005722 0.000000 0.000000 0.043600 0.534000
-789.384050 0.020300 1000.029843 19.683988 0.004175 0.005744 0.000000 0.000000 0.043700 0.535000
-789.364367 0.020413 1000.029925 19.683393 0.004174 0.005766 0.000000 0.000000 0.043800 0.536000
-789.344685 0.020527 1000.030007 19.682799 0.004174 0.005788 0.000000 0.000000 0.043900 0.537000
-789.325003 0.020641 1000.030090 19.682204 0.004173 0.005810 0.000000 0.000000 0.044000 0.538000
-789.305321 0.020755 1000.030172 19.681609 0.004172 0.005832 0.000000 0.000000 0.044000 0.539000
-789.285640 0.020870 1000.030254 19.681014 0.004172 0.005854 0.000000 0.000000 0.044100 0.540000
-789.265960 0.020986 1000.030336 19.680419 0.004171 0.005875 0.000000 0.000000 0.044200 0.541000
-789.246280 0.021102 1000.030418 19.679824 0.004170 0.005897 0.000000 0.000000 0.044300 0.542000
-789.226601 0.021218 1000.030500 19.679230 0.004169 0.005920 0.000000 0.000000 0.044200 0.543000
-789.206923 0.021335 1000.030582 19.678635 0.004169 0.005942 0.000000 0.000000 0.044300 0.544000
-789.187245 0.021452 1000.030664 19.678040 0.004168 0.005964 0.000000 0.000000 0.044400 0.545000
-789.167568 0.021569 1000.030746 19.677446 0.004167 0.005986 0.000000 0.000000 0.044500 0.546000
-789.147891 0.021687 1000.030828 19.676851 0.004166 0.006008 0.000000 0.000000 0.044500 0.547000
-789.128215 0.021806 1000.030910 19.676257 0.004165 0.006030 0.000000 0.000000 0.044600 0.548000
-789.108540 0.021924 1000.030992 19.675662 0.004164 0.006052 0.000000 0.000000 0.044500 0.549000
-789.088865 0.022044 1000.031074 19.675068 0.004163 0.006074 0.000000 0.000000 0.044600 0.550000
-789.069191 0.022163 1000.031156 19.674474 0.004162 0.006097 0.000000 0.000000 0.044700 0.551000
-789.049517 0.022284 1000.031238 19.673879 0.004161 0.006119 0.000000 0.000000 0.044800 0.552000
-789.029844 0.022404 1000.031319 19.673285 0.004160 0.006141 0.000000 0.000000 0.044800 0.553000
-789.010171 0.022525 1000.031401 19.672691 0.004159 0.006163 0.000000 0.000000 0.044900 0.554000
-788.990499 0.022647 1000.031483 19.672097 0.004158 0.006186 0.000000 0.000000 0.045000 0.555000
-788.970828 0.022768 1000.031565 19.671502 0.004157 0.006208 0.000000 0.000000 0.045100 0.556000
-788.951157 0.022891 1000.031647 19.670908 0.004155 0.006231 0.000000 0.000000 0.045200 0.557000
-788.931487 0.023014 1000.031728 19.670314 0.004154 0.006253 0.000000 0.000000 0.045300 0.558000
-788.911818 0.023137 1000.031810 19.669720 0.004153 0.006276 0.000000 0.000000 0.045400 0.559000
-788.892149 0.023260 1000.031892 19.669126 0.004152 0.006298 0.000000 0.000000 0.045500 0.560000
-788.872481 0.023384 1000.031973 19.668532 0.004150 0.006321 0.000000 0.000000 0.045500 0.561000
-788.852813 0.023509 1000.032055 19.667939 0.004149 0.006344 0.000000 0.000000 0.045600 0.562000
-788.833146 0.023634 1000.032137 19.667345 0.004148 0.006366 0.000000 0.000000 0.045700 0.563000
-788.813479 0.023759 1000.032218 19.666751 0.004146 0.006389 0.000000 0.000000 0.045800 0.564000
-788.793813 0.023885 1000.032300 19.666157 0.004145 0.006412 0.000000 0.000000 0.045900 0.565000
-788.774148 0.024011 1000.032381 19.665564 0.004143 0.006435 0.000000 0.000000 0.046000 0.566000
-788.754483 0.024138 1000.032463 19.664970 0.004142 0.006458 0.000000 0.000000 0.046100 0.567000
-788.734819 0.024265 1000.032544 19.664376 0.004140 0.006481 0.000000 0.000000 0.046200 0.568000
-788.715156 0.024393 1000.032625 19.663783 0.004138 0.006504 0.000000 0.000000 0.046300 0.569000
-788.695493 0.024521 1000.032707 19.663189 0.004137 0.006527 0.000000 0.000000 0.046400 0.570000
-788.675830 0.024650 1000.032788 19.662596 0.004135 0.006550 0.000000 0.000000 0.046500 0.571000
-788.656169 0.024779 1000.032869 19.662003 0.004134 0.006573 0.000000 0.000000 0.046600 0.572000
-788.636508 0.024908 1000.032951 19.661409 0.004132 0.006596 0.000000 0.000000 0.046500 0.573000
-788.616847 0.025038 1000.033032 19.660816 0.004130 0.006619 0.000000 0.000000 0.046400 0.574000
-788.597187 0.025168 1000.033113 19.660223 0.004128 0.006642 0.000000 0.000000 0.046500 0.575000
-788.577528 0.025299 1000.033194 19.659630 0.004126 0.006665 0.000000 0.000000 0.046600 0.576000
-788.557869 0.025430 1000.033275 19.659036 0.004125 0.006689 0.000000 0.000000 0.046700 0.577000
-788.538211 0.025562 1000.033356 19.658443 0.004123 0.006712 0.000000 0.000000 0.046600 0.578000
-788.518553 0.025694 1000.033437 19.657850 0.004121 0.006735 0.000000 0.000000 0.046700 0.579000
-788.498896 0.025827 1000.033518 19.657257 0.004119 0.006758 0.000000 0.000000 0.046800 0.580000
-788.479240 0.025960 1000.033599 19.656664 0.004117 0.006781 0.000000 0.000000 0.046900 0.581000
-788.459584 0.026093 1000.033680 19.656072 0.004115 0.006805 0.000000 0.000000 0.047000 0.582000
-788.439929 0.026227 1000.033761 19.655479 0.004113 0.006828 0.000000 0.000000 0.047100 0.583000
-788.420274 0.026362 1000.033842 19.654886 0.004111 0.006852 0.000000 0.000000 0.047200 0.584000
-788.400620 0.026497 1000.033923 19.654293 0.004109 0.006875 0.000000 0.000000 0.047300 0.585000
-788.380967 0.026632 1000.034004 19.653701 0.004107 0.006899 0.000000 0.000000 0.047400 0.586000
-788.361314 0.026768 1000.034084 19.653108 0.004104 0.006922 0.000000 0.000000 0.047500 0.587000
-788.341662 0.026904 1000.034165 19.652516 0.004102 0.006946 0.000000 0.000000 0.047600 0.588000
-788.322010 0.027041 1000.034245 19.651923 0.004100 0.006969 0.000000 0.000000 0.047700 0.589000
-788.302359 0.027178 1000.034326 19.651331 0.004098 0.006993 0.000000 0.000000 0.047800 0.590000
-788.282709 0.027315 1000.034407 19.650738 0.004095 0.007017 0.000000 0.000000 0.047900 0.591000
-788.263059 0.027454 1000.034487 19.650146 0.004093 0.007041 0.000000 0.000000 0.048000 0.592000
-788.243410 0.027592 1000.034567 19.649554 0.004091 0.007065 0.000000 0.000000 0.048100 0.593000
-788.223761 0.027731 1000.034648 19.648961 0.004088 0.007089 0.000000 0.000000 0.048200 0.594000
-788.204113 0.027871 1000.034728 19.648369 0.004086 0.007113 0.000000 0.000000 0.048300 0.595000
-788.184466 0.028011 1000.034808 19.647777 0.004084 0.007137 0.000000 0.000000 0.048400 0.596000
-788.164819 0.028151 1000.034889 19.647185 0.004081 0.007161 0.000000 0.000000 0.048500 0.597000
-788.145173 0.028292 1000.034969 19.646593 0.004079 0.007185 0.000000 0.000000 0.048600 0.598000
-788.125527 0.028433 1000.035049 19.646001 0.004076 0.007209 0.000000 0.000000 0.048600 0.599000
-788.105882 0.028575 1000.035129 19.645409 0.004073 0.007233 0.000000 0.000000 0.048700 0.600000
-788.086238 0.028717 1000.035209 19.644818 0.004071 0.007257 0.000000 0.000000 0.048800 0.601000
-788.066594 0.028860 1000.035289 19.644226 0.004068 0.007282 0.000000 0.000000 0.048900 0.602000
-788.046950 0.029003 1000.035369 19.643634 0.004065 0.007306 0.000000 0.000000 0.049000 0.603000
-788.027308 0.029147 1000.035449 19.643042 0.004063 0.007330 0.000000 0.000000 0.049100 0.604000
-788.007666 0.029291 1000.035528 19.642451 0.004060 0.007355 0.000000 0.000000 0.049200 0.605000
-787.988024 0.029436 1000.035608 19.641859 0.004057 0.007379 0.000000 0.000000 0.049300 0.606000
-787.968383 0.029581 1000.035688 19.641268 0.004054 0.007404 0.000000 0.000000 0.049400 0.607000
-787.948743 0.029727 1000.035767 19.640677 0.004052 0.007428 0.000000 0.000000 0.049500 0.608000
-787.929103 0.029873 1000.035847 19.640085 0.004049 0.007453 0.000000 0.000000 0.049600 0.609000
-787.909464 0.030020 1000.035926 19.639494 0.004046 0.007477 0.000000 0.000000 0.049700 0.610000
-787.889826 0.030167 1000.036006 19.638903 0.004043 0.007502 0.000000 0.000000 0.049600 0.611000
-787.870188 0.030314 1000.036085 19.638312 0.004040 0.007527 0.000000 0.000000 0.049700 0.612000
-787.850550 0.030462 1000.036164 19.637721 0.004037 0.007551 0.000000 0.000000 0.049700 0.613000
-787.830914 0.030611 1000.036244 19.637130 0.004034 0.007576 0.000000 0.000000 0.049800 0.614000
-787.811277 0.030760 1000.036323 19.636539 0.004031 0.007601 0.000000 0.000000 0.049900 0.615000
-787.791642 0.030909 1000.036402 19.635948 0.004028 0.007626 0.000000 0.000000 0.049900 0.616000
-787.772007 0.031059 1000.036481 19.635357 0.004025 0.007650 0.000000 0.000000 0.050000 0.617000
-787.752373 0.031210 1000.036560 19.634766 0.004021 0.007675 0.000000 0.000000 0.050100 0.618000
-787.732739 0.031360 1000.036639 19.634175 0.004018 0.007700 0.000000 0.000000 0.050200 0.619000
-787.713106 0.031512 1000.036718 19.633585 0.004015 0.007725 0.000000 0.000000 0.050300 0.620000
-787.693473 0.031664 1000.036797 19.632994 0.004012 0.007750 0.000000 0.000000 0.050400 0.621000
-787.673841 0.031816 1000.036875 19.632404 0.004009 0.007775 0.000000 0.000000 0.050500 0.622000
-787.654210 0.031969 1000.036954 19.631813 0.004005 0.007800 0.000000 0.000000 0.050600 0.623000
-787.634579 0.032122 1000.037033 19.631223 0.004002 0.007825 0.000000 0.000000 0.050500 0.624000
-787.614949 0.032276 1000.037111 19.630633 0.003999 0.007850 0.000000 0.000000 0.050600 0.625000
-787.595319 0.032430 1000.037190 19.630042 0.003995 0.007876 0.000000 0.000000 0.050700 0.626000
-787.575690 0.032585 1000.037268 19.629452 0.003992 0.007901 0.000000 0.000000 0.050800 0.627000
-787.556062 0.032741 1000.037346 19.628862 0.003988 0.007926 0.000000 0.000000 0.050900 0.628000
-787.536434 0.032896 1000.037425 19.628272 0.003985 0.007951 0.000000 0.000000 0.051000 0.629000
-787.516807 0.033053 1000.037503 19.627682 0.003981 0.007977 0.000000 0.000000 0.051100 0.630000
-787.497180 0.033209 1000.037581 19.627092 0.003978 0.008002 0.000000 0.000000 0.051200 0.631000
-787.477554 0.033367 1000.037659 19.626502 0.003974 0.008027 0.000000 0.000000 0.051300 0.632000
-787.457929 0.033525 1000.037737 19.625913 0.003970 0.008053 0.000000 0.000000 0.051300 0.633000
-787.438304 0.033683 1000.037815 19.625323 0.003967 0.008078 0.000000 0.000000 0.051400 0.634000
-787.418679 0.033842 1000.037893 19.624733 0.003963 0.008104 0.000000 0.000000 0.051500 0.635000
-787.399056 0.034001 1000.037970 19.624144 0.003959 0.008130 0.000000 0.000000 0.051600 0.636000
-787.379433 0.034161 1000.038048 19.623554 0.003955 0.008155 0.000000 0.000000 0.051500 0.637000
-787.359810 0.034321 1000.038126 19.622965 0.003952 0.008181 0.000000 0.000000 0.051600 0.638000
-787.340188 0.034482 1000.038203 19.622375 0.003948 0.008206 0.000000 0.000000 0.051600 0.639000
-787.320567 0.034643 1000.038281 19.621786 0.003944 0.008232 0.000000 0.000000 0.051700 0.640000
-787.300946 0.034805 1000.038358 19.621197 0.003940 0.008258 0.000000 0.000000 0.051800 0.641000
-787.281326 0.034967 1000.038435 19.620608 0.003936 0.008283 0.000000 0.000000 0.051700 0.642000
-787.261707 0.035130 1000.038512 19.620019 0.003932 0.008309 0.000000 0.000000 0.051800 0.643000
-787.242088 0.035293 1000.038589 19.619430 0.003928 0.008335 0.000000 0.000000 0.051900 0.644000
-787.222469 0.035457 1000.038666 19.618841 0.003924 0.008361 0.000000 0.000000 0.052000 0.645000
-787.202852 0.035621 1000.038743 19.618252 0.003920 0.008386 0.000000 0.000000 0.052100 0.646000
-787.183235 0.035786 1000.038820 19.617663 0.003916 0.008412 0.000000 0.000000 0.052200 0.647000
-787.163618 0.035951 1000.038897 19.617075 0.003912 0.008438 0.000000 0.000000 0.052300 0.648000
-787.144002 0.036117 1000.038974 19.616486 0.003908 0.008464 0.000000 0.000000 0.052400 0.649000
-787.124387 0.036283 1000.039050 19.615897 0.003904 0.008490 0.000000 0.000000 0.052500 0.650000
-787.104772 0.036450 1000.039127 19.615309 0.003900 0.008516 0.000000 0.000000 0.052600 0.651000
-787.085158 0.036617 1000.039203 19.614721 0.003895 0.008542 0.000000 0.000000 0.052700 0.652000
-787.065544 0.036785 1000.039280 19.614132 0.003891 0.008568 0.000000 0.000000 0.052600 0.653000
-787.045931 0.036953 1000.039356 19.613544 0.003887 0.008594 0.000000 0.000000 0.052700 0.654000
-787.026319 0.037122 1000.039432 19.612956 0.003882 0.008621 0.000000 0.000000 0.052800 0.655000
-787.006707 0.037291 1000.039508 19.612368 0.003878 0.008647 0.000000 0.000000 0.052900 0.656000
-786.987096 0.037461 1000.039584 19.611780 0.003874 0.008673 0.000000 0.000000 0.053000 0.657000
-786.967485 0.037631 1000.039660 19.611192 0.003869 0.008699 0.000000 0.000000 0.053100 0.658000
-786.947875 0.037802 1000.039736 19.610604 0.003865 0.008726 0.000000 0.000000 0.053200 0.659000
-786.928266 0.037973 1000.039812 19.610016 0.003860 0.008752 0.000000 0.000000 0.053200 0.660000
-786.908657 0.038145 1000.039888 19.609428 0.003856 0.008779 0.000000 0.000000 0.053300 0.661000
-786.889049 0.038318 1000.039963 19.608841 0.003851 0.008805 0.000000 0.000000 0.053400 0.662000
-786.869441 0.038490 1000.040039 19.608253 0.003847 0.008831 0.000000 0.000000 0.053500 0.663000
-786.849834 0.038664 1000.040114 19.607666 0.003842 0.008858 0.000000 0.000000 0.053600 0.664000
-786.830227 0.038838 1000.040189 19.607078 0.003837 0.008885 0.000000 0.000000 0.053700 0.665000
-786.810621 0.039012 1000.040264 19.606491 0.003833 0.008911 0.000000 0.000000 0.053800 0.666000
-786.791016 0.039187 1000.040340 19.605904 0.003828 0.008938 0.000000 0.000000 0.053900 0.667000
-786.771411 0.039363 1000.040415 19.605316 0.003823 0.008965 0.000000 0.000000 0.054000 0.668000
-786.751807 0.039539 1000.040489 19.604729 0.003818 0.008991 0.000000 0.000000 0.054100 0.669000
-786.732204 0.039715 1000.040564 19.604142 0.003814 0.009018 0.000000 0.000000 0.054200 0.670000
-786.712601 0.039892 1000.040639 19.603555 0.003809 0.009045 0.000000 0.000000 0.054300 0.671000
-786.692998 0.040070 1000.040714 19.602969 0.003804 0.009072 0.000000 0.000000 0.054400 0.672000
-786.673397 0.040248 1000.040788 19.602382 0.003799 0.009099 0.000000 0.000000 0.054500 0.673000
-786.653796 0.040426 1000.040863 19.601795 0.003794 0.009126 0.000000 0.000000 0.054600 0.674000
-786.634195 0.040605 1000.040937 19.601209 0.003789 0.009153 0.000000 0.000000 0.054500 0.675000
-786.614595 0.040785 1000.041011 19.600622 0.003784 0.009180 0.000000 0.000000 0.054400 0.676000
-786.594996 0.040965 1000.041085 19.600036 0.003779 0.009207 0.000000 0.000000 0.054300 0.677000
-786.575397 0.041146 1000.041159 19.599449 0.003774 0.009234 0.000000 0.000000 0.054400 0.678000
-786.555799 0.041327 1000.041233 19.598863 0.003769 0.009261 0.000000 0.000000 0.054300 0.679000
-786.536201 0.041509 1000.041307 19.598277 0.003764 0.009288 0.000000 0.000000 0.054400 0.680000
-786.516604 0.041691 1000.041381 19.597691 0.003759 0.009315 0.000000 0.000000 0.054500 0.681000
-786.497007 0.041874 1000.041454 19.597105 0.003753 0.009342 0.000000 0.000000 0.054600 0.682000
-786.477412 0.042057 1000.041528 19.596519 0.003748 0.009369 0.000000 0.000000 0.054700 0.683000
-786.457816 0.042241 1000.041601 19.595933 0.003743 0.009396 0.000000 0.000000 0.054800 0.684000
-786.438222 0.042425 1000.041675 19.595347 0.003738 0.009423 0.000000 0.000000 0.054900 0.685000
-786.418628 0.042610 1000.041748 19.594761 0.003732 0.009451 0.000000 0.000000 0.055000 0.686000
-786.399034 0.042796 1000.041821 19.594176 0.003727 0.009478 0.000000 0.000000 0.055100 0.687000
-786.379441 0.042982 1000.041894 19.593590 0.003722 0.009505 0.000000 0.000000 0.055200 0.688000
-786.359849 0.043168 1000.041967 19.593005 0.003716 0.009533 0.000000 0.000000 0.055300 0.689000
-786.340257 0.043355 1000.042039 19.592419 0.003711 0.009560 0.000000 0.000000 0.055400 0.690000
-786.320666 0.043543 1000.042112 19.591834 0.003705 0.009588 0.000000 0.000000 0.055500 0.691000
-786.301076 0.043731 1000.042185 19.591249 0.003700 0.009615 0.000000 0.000000 0.055600 0.692000
-786.281486 0.043919 1000.042257 19.590664 0.003694 0.009643 0.000000 0.000000 0.055700 0.693000
-786.261896 0.044109 1000.042329 19.590079 0.003689 0.009670 0.000000 0.000000 0.055800 0.694000
-786.242308 0.044298 1000.042402 19.589494 0.003683 0.009698 0.000000 0.000000 0.055900 0.695000
-786.222719 0.044488 1000.042474 19.588909 0.003677 0.009726 0.000000 0.000000 0.055900 0.696000
-786.203132 0.044679 1000.042546 19.588324 0.003672 0.009753 0.000000 0.000000 0.056000 0.697000
-786.183545 0.044870 1000.042618 19.587740 0.003666 0.009781 0.000000 0.000000 0.056000 0.698000
-786.163958 0.045062 1000.042689 19.587155 0.003660 0.009809 0.000000 0.000000 0.056100 0.699000
-786.144373 0.045255 1000.042761 19.586571 0.003655 0.009837 0.000000 0.000000 0.056200 0.700000
-786.124787 0.045448 1000.042832 19.585986 0.003649 0.009864 0.000000 0.000000 0.056300 0.701000
-786.105203 0.045641 1000.042904 19.585402 0.003643 0.009892 0.000000 0.000000 0.056400 0.702000
-786.085619 0.045835 1000.042975 19.584818 0.003637 0.009920 0.000000 0.000000 0.056300 0.703000
-786.066035 0.046030 1000.043046 19.584234 0.003631 0.009948 0.000000 0.000000 0.056400 0.704000
-786.046452 0.046225 1000.043117 19.583650 0.003625 0.009976 0.000000 0.000000 0.056400 0.705000
-786.026870 0.046420 1000.043188 19.583066 0.003619 0.010004 0.000000 0.000000 0.056300 0.706000
-786.007288 0.046616 1000.043259 19.582482 0.003613 0.010032 0.000000 0.000000 0.056400 0.707000
-785.987707 0.046813 1000.043330 19.581898 0.003607 0.010060 0.000000 0.000000 0.056500 0.708000
-785.968127 0.047010 1000.043400 19.581315 0.003601 0.010088 0.000000 0.000000 0.056600 0.709000
-785.948547 0.047208 1000.043471 19.580731 0.003595 0.010116 0.000000 0.000000 0.056700 0.710000
-785.928967 0.047406 1000.043541 19.580148 0.003589 0.010144 0.000000 0.000000 0.056800 0.711000
-785.909389 0.047605 1000.043612 19.579564 0.003583 0.010172 0.000000 0.000000 0.056900 0.712000
-785.889811 0.047805 1000.043682 19.578981 0.003577 0.010200 0.000000 0.000000 0.056900 0.713000
-785.870233 0.048005 1000.043752 19.578398 0.003571 0.010229 0.000000 0.000000 0.057000 0.714000
-785.850656 0.048205 1000.043821 19.577815 0.003564 0.010257 0.000000 0.000000 0.057100 0.715000
-785.831080 0.048406 1000.043891 19.577232 0.003558 0.010285 0.000000 0.000000 0.057200 0.716000
-785.811504 0.048608 1000.043961 19.576649 0.003552 0.010313 0.000000 0.000000 0.057300 0.717000
-785.791929 0.048810 1000.044030 19.576066 0.003545 0.010342 0.000000 0.000000 0.057400 0.718000
-785.772354 0.049013 1000.044100 19.575483 0.003539 0.010370 0.000000 0.000000 0.057500 0.719000
-785.752780 0.049216 1000.044169 19.574900 0.003533 0.010399 0.000000 0.000000 0.057600 0.720000
-785.733206 0.049420 1000.044238 19.574318 0.003526 0.010427 0.000000 0.000000 0.057700 0.721000
-785.713634 0.049624 1000.044307 19.573736 0.003520 0.010456 0.000000 0.000000 0.057800 0.722000
-785.694061 0.049829 1000.044376 19.573153 0.003513 0.010484 0.000000 0.000000 0.057900 0.723000
-785.674490 0.050034 1000.044444 19.572571 0.003507 0.010513 0.000000 0.000000 0.058000 0.724000
-785.654919 0.050240 1000.044513 19.571989 0.003500 0.010542 0.000000 0.000000 0.058100 0.725000
-785.635348 0.050447 1000.044581 19.571407 0.003494 0.010571 0.000000 0.000000 0.058200 0.726000
-785.615778 0.050654 1000.044650 19.570825 0.003487 0.010599 0.000000 0.000000 0.058200 0.727000
-785.596209 0.050862 1000.044718 19.570243 0.003480 0.010628 0.000000 0.000000 0.058300 0.728000
-785.576640 0.051070 1000.044786 19.569661 0.003474 0.010657 0.000000 0.000000 0.058300 0.729000
-785.557072 0.051279 1000.044854 19.569080 0.003467 0.010686 0.000000 0.000000 0.058400 0.730000
-785.537504 0.051488 1000.044922 19.568498 0.003460 0.010715 0.000000 0.000000 0.058500 0.731000
-785.517937 0.051698 1000.044989 19.567917 0.003453 0.010744 0.000000 0.000000 0.058600 0.732000
-785.498371 0.051909 1000.045057 19.567335 0.003447 0.010773 0.000000 0.000000 0.058700 0.733000
-785.478805 0.052120 1000.045124 19.566754 0.003440 0.010802 0.000000 0.000000 0.058800 0.734000
-785.459240 0.052331 1000.045191 19.566173 0.003433 0.010831 0.000000 0.000000 0.058900 0.735000
-785.439675 0.052543 1000.045259 19.565592 0.003426 0.010860 0.000000 0.000000 0.059000 0.736000
-785.420111 0.052756 1000.045326 19.565011 0.003419 0.010889 0.000000 0.000000 0.059100 0.737000
-785.400548 0.052969 1000.045392 19.564430 0.003412 0.010919 0.000000 0.000000 0.059200 0.738000
-785.380985 0.053183 1000.045459 19.563849 0.003405 0.010948 0.000000 0.000000 0.059300 0.739000
-785.361422 0.053398 1000.045526 19.563268 0.003398 0.010977 0.000000 0.000000 0.059400 0.740000
-785.341861 0.053613 1000.045592 19.562688 0.003391 0.011007 0.000000 0.000000 0.059500 0.741000
-785.322300 0.053828 1000.045658 19.562107 0.003384 0.011036 0.000000 0.000000 0.059600 0.742000
-785.302739 0.054044 1000.045724 19.561527 0.003377 0.011066 0.000000 0.000000 0.059700 0.743000
-785.283179 0.054261 1000.045790 19.560947 0.003370 0.011095 0.000000 0.000000 0.059800 0.744000
-785.263620 0.054478 1000.045856 19.560367 0.003362 0.011125 0.000000 0.000000 0.059900 0.745000
-785.244061 0.054696 1000.045922 19.559787 0.003355 0.011154 0.000000 0.000000 0.060000 0.746000
-785.224503 0.054915 1000.045988 19.559207 0.003348 0.011184 0.000000 0.000000 0.060100 0.747000
-785.204945 0.055134 1000.046053 19.558627 0.003340 0.011214 0.000000 0.000000 0.060200 0.748000
-785.185388 0.055353 1000.046118 19.558047 0.003333 0.011244 0.000000 0.000000 0.060300 0.749000
-785.165832 0.055573 1000.046183 19.557468 0.003326 0.011274 0.000000 0.000000 0.060400 0.750000
-785.146276 0.055794 1000.046248 19.556888 0.003318 0.011303 0.000000 0.000000 0.060500 0.751000
-785.126721 0.056016 1000.046313 19.556309 0.003311 0.011333 0.000000 0.000000 0.060600 0.752000
