time V0 V1 dEc dEp dEtot
0.000000 20.000000 20.000000 0.000000 0.000000 0.000000
0.001000 20.000000 19.999428 -1.166199 0.000142 -1.166057
0.002000 19.999428 19.998856 -1.166415 0.000458 -1.165956
0.003000 19.998856 19.998284 -1.166630 0.000773 -1.165856
0.004000 19.998284 19.997711 -1.166844 0.001088 -1.165756
0.005000 19.997711 19.997139 -1.167058 0.001402 -1.165656
0.006000 19.997139 19.996566 -1.167272 0.001715 -1.165556
0.007000 19.996566 19.995993 -1.167484 0.002028 -1.165456
0.008000 19.995993 19.995420 -1.167696 0.002341 -1.165356
0.009000 19.995420 19.994847 -1.167908 0.002652 -1.165256
0.010000 19.994847 19.994274 -1.168119 0.002963 -1.165155
0.011000 19.994274 19.993701 -1.168329 0.003274 -1.165055
0.012000 19.993701 19.993128 -1.168539 0.003584 -1.164955
0.013000 19.993128 19.992554 -1.168748 0.003893 -1.164855
0.014000 19.992554 19.991981 -1.168956 0.004202 -1.164755
0.015000 19.991981 19.991407 -1.169164 0.004510 -1.164654
0.016000 19.991407 19.990833 -1.169372 0.004818 -1.164554
0.017000 19.990833 19.990259 -1.169578 0.005125 -1.164454
0.018000 19.990259 19.989685 -1.169784 0.005431 -1.164353
0.019000 19.989685 19.989111 -1.169990 0.005737 -1.164253
0.020000 19.989111 19.988537 -1.170195 0.006042 -1.164153
0.021000 19.988537 19.987962 -1.170399 0.006347 -1.164052
0.022000 19.987962 19.987388 -1.170603 0.006651 -1.163952
0.023000 19.987388 19.986813 -1.170806 0.006954 -1.163852
0.024000 19.986813 19.986238 -1.171008 0.007257 -1.163751
0.025000 19.986238 19.985663 -1.171210 0.007559 -1.163651
0.026000 19.985663 19.985088 -1.171411 0.007861 -1.163550
0.027000 19.985088 19.984513 -1.171612 0.008162 -1.163450
0.028000 19.984513 19.983938 -1.171812 0.008462 -1.163350
0.029000 19.983938 19.983363 -1.172011 0.008762 -1.163249
0.030000 19.983363 19.982787 -1.172210 0.009061 -1.163149
0.031000 19.982787 19.982212 -1.172408 0.009360 -1.163048
0.032000 19.982212 19.981636 -1.172606 0.009658 -1.162948
0.033000 19.981636 19.981060 -1.172803 0.009956 -1.162847
0.034000 19.981060 19.980484 -1.172999 0.010253 -1.162747
0.035000 19.980484 19.979908 -1.173195 0.010549 -1.162646
0.036000 19.979908 19.979332 -1.173390 0.010845 -1.162545
0.037000 19.979332 19.978756 -1.173585 0.011140 -1.162445
0.038000 19.978756 19.978179 -1.173778 0.011434 -1.162344
0.039000 19.978179 19.977603 -1.173972 0.011728 -1.162244
0.040000 19.977603 19.977026 -1.174165 0.012021 -1.162143
0.041000 19.977026 19.976450 -1.174357 0.012314 -1.162042
0.042000 19.976450 19.975873 -1.174548 0.012606 -1.161942
0.043000 19.975873 19.975296 -1.174739 0.012898 -1.161841
0.044000 19.975296 19.974719 -1.174929 0.013189 -1.161740
0.045000 19.974719 19.974142 -1.175119 0.013479 -1.161640
0.046000 19.974142 19.973565 -1.175308 0.013769 -1.161539
0.047000 19.973565 19.972987 -1.175497 0.014058 -1.161438
0.048000 19.972987 19.972410 -1.175684 0.014347 -1.161338
0.049000 19.972410 19.971832 -1.175872 0.014635 -1.161237
0.050000 19.971832 19.971254 -1.176058 0.014922 -1.161136
0.051000 19.971254 19.970677 -1.176244 0.015209 -1.161035
0.052000 19.970677 19.970099 -1.176430 0.015495 -1.160935
0.053000 19.970099 19.969521 -1.176615 0.015781 -1.160834
0.054000 19.969521 19.968943 -1.176799 0.016066 -1.160733
0.055000 19.968943 19.968364 -1.176982 0.016350 -1.160632
0.056000 19.968364 19.967786 -1.177165 0.016634 -1.160531
0.057000 19.967786 19.967208 -1.177348 0.016917 -1.160431
0.058000 19.967208 19.966629 -1.177530 0.017200 -1.160330
0.059000 19.966629 19.966051 -1.177711 0.017482 -1.160229
0.060000 19.966051 19.965472 -1.177891 0.017763 -1.160128
0.061000 19.965472 19.964893 -1.178071 0.018044 -1.160027
0.062000 19.964893 19.964314 -1.178251 0.018324 -1.159926
0.063000 19.964314 19.963735 -1.178429 0.018604 -1.159825
0.064000 19.963735 19.963156 -1.178607 0.018883 -1.159724
0.065000 19.963156 19.962577 -1.178785 0.019162 -1.159623
0.066000 19.962577 19.961997 -1.178962 0.019439 -1.159522
0.067000 19.961997 19.961418 -1.179138 0.019717 -1.159421
0.068000 19.961418 19.960838 -1.179314 0.019993 -1.159320
0.069000 19.960838 19.960258 -1.179489 0.020269 -1.159219
0.070000 19.960258 19.959679 -1.179663 0.020545 -1.159118
0.071000 19.959679 19.959099 -1.179837 0.020820 -1.159017
0.072000 19.959099 19.958519 -1.180010 0.021094 -1.158916
0.073000 19.958519 19.957939 -1.180183 0.021368 -1.158815
0.074000 19.957939 19.957358 -1.180355 0.021641 -1.158714
0.075000 19.957358 19.956778 -1.180526 0.021913 -1.158613
0.076000 19.956778 19.956198 -1.180697 0.022185 -1.158512
0.077000 19.956198 19.955617 -1.180867 0.022456 -1.158411
0.078000 19.955617 19.955037 -1.181037 0.022727 -1.158310
0.079000 19.955037 19.954456 -1.181206 0.022997 -1.158209
0.080000 19.954456 19.953875 -1.181374 0.023266 -1.158108
0.081000 19.953875 19.953294 -1.181542 0.023535 -1.158007
0.082000 19.953294 19.952713 -1.181709 0.023804 -1.157906
0.083000 19.952713 19.952132 -1.181876 0.024071 -1.157804
0.084000 19.952132 19.951551 -1.182041 0.024338 -1.157703
0.085000 19.951551 19.950970 -1.182207 0.024605 -1.157602
0.086000 19.950970 19.950388 -1.182371 0.024871 -1.157501
0.087000 19.950388 19.949807 -1.182535 0.025136 -1.157400
0.088000 19.949807 19.949225 -1.182699 0.025400 -1.157298
0.089000 19.949225 19.948644 -1.182862 0.025665 -1.157197
0.090000 19.948644 19.948062 -1.183024 0.025928 -1.157096
0.091000 19.948062 19.947480 -1.183186 0.026191 -1.156995
0.092000 19.947480 19.946898 -1.183347 0.026453 -1.156893
0.093000 19.946898 19.946316 -1.183507 0.026715 -1.156792
0.094000 19.946316 19.945734 -1.183667 0.026976 -1.156691
0.095000 19.945734 19.945151 -1.183826 0.027236 -1.156590
0.096000 19.945151 19.944569 -1.183984 0.027496 -1.156488
0.097000 19.944569 19.943987 -1.184142 0.027755 -1.156387
0.098000 19.943987 19.943404 -1.184300 0.028014 -1.156286
0.099000 19.943404 19.942822 -1.184456 0.028272 -1.156184
0.100000 19.942822 19.942239 -1.184613 0.028529 -1.156083
0.101000 19.942239 19.941656 -1.184768 0.028786 -1.155982
0.102000 19.941656 19.941073 -1.184923 0.029043 -1.155880
0.103000 19.941073 19.940490 -1.185077 0.029298 -1.155779
0.104000 19.940490 19.939907 -1.185231 0.029553 -1.155678
0.105000 19.939907 19.939324 -1.185384 0.029808 -1.155576
0.106000 19.939324 19.938740 -1.185536 0.030061 -1.155475
0.107000 19.938740 19.938157 -1.185688 0.030315 -1.155373
0.108000 19.938157 19.937574 -1.185839 0.030567 -1.155272
0.109000 19.937574 19.936990 -1.185990 0.030819 -1.155171
0.110000 19.936990 19.936406 -1.186140 0.031071 -1.155069
0.111000 19.936406 19.935823 -1.186289 0.031321 -1.154968
0.112000 19.935823 19.935239 -1.186438 0.031572 -1.154866
0.113000 19.935239 19.934655 -1.186586 0.031821 -1.154765
0.114000 19.934655 19.934071 -1.186733 0.032070 -1.154663
0.115000 19.934071 19.933487 -1.186880 0.032319 -1.154562
0.116000 19.933487 19.932903 -1.187027 0.032566 -1.154460
0.117000 19.932903 19.932318 -1.187172 0.032814 -1.154359
0.118000 19.932318 19.931734 -1.187317 0.033060 -1.154257
0.119000 19.931734 19.931150 -1.187462 0.033306 -1.154156
0.120000 19.931150 19.930565 -1.187606 0.033551 -1.154054
0.121000 19.930565 19.929980 -1.187749 0.033796 -1.153953
0.122000 19.929980 19.929396 -1.187891 0.034040 -1.153851
0.123000 19.929396 19.928811 -1.188033 0.034284 -1.153750
0.124000 19.928811 19.928226 -1.188175 0.034527 -1.153648
0.125000 19.928226 19.927641 -1.188316 0.034769 -1.153546
0.126000 19.927641 19.927056 -1.188456 0.035011 -1.153445
0.127000 19.927056 19.926471 -1.188595 0.035252 -1.153343
0.128000 19.926471 19.925886 -1.188734 0.035492 -1.153242
0.129000 19.925886 19.925300 -1.188872 0.035732 -1.153140
0.130000 19.925300 19.924715 -1.189010 0.035972 -1.153038
0.131000 19.924715 19.924129 -1.189147 0.036210 -1.152937
0.132000 19.924129 19.923544 -1.189284 0.036448 -1.152835
0.133000 19.923544 19.922958 -1.189419 0.036686 -1.152733
0.134000 19.922958 19.922372 -1.189555 0.036923 -1.152632
0.135000 19.922372 19.921787 -1.189689 0.037159 -1.152530
0.136000 19.921787 19.921201 -1.189823 0.037395 -1.152428
0.137000 19.921201 19.920615 -1.189957 0.037630 -1.152327
0.138000 19.920615 19.920029 -1.190089 0.037864 -1.152225
0.139000 19.920029 19.919442 -1.190221 0.038098 -1.152123
0.140000 19.919442 19.918856 -1.190353 0.038331 -1.152022
0.141000 19.918856 19.918270 -1.190484 0.038564 -1.151920
0.142000 19.918270 19.917683 -1.190614 0.038796 -1.151818
0.143000 19.917683 19.917097 -1.190744 0.039027 -1.151716
0.144000 19.917097 19.916510 -1.190873 0.039258 -1.151615
0.145000 19.916510 19.915924 -1.191001 0.039488 -1.151513
0.146000 19.915924 19.915337 -1.191129 0.039718 -1.151411
0.147000 19.915337 19.914750 -1.191256 0.039947 -1.151309
0.148000 19.914750 19.914163 -1.191383 0.040175 -1.151208
0.149000 19.914163 19.913576 -1.191509 0.040403 -1.151106
0.150000 19.913576 19.912989 -1.191634 0.040630 -1.151004
0.151000 19.912989 19.912402 -1.191759 0.040857 -1.150902
0.152000 19.912402 19.911815 -1.191883 0.041083 -1.150800
0.153000 19.911815 19.911228 -1.192007 0.041308 -1.150699
0.154000 19.911228 19.910640 -1.192130 0.041533 -1.150597
0.155000 19.910640 19.910053 -1.192252 0.041757 -1.150495
0.156000 19.910053 19.909465 -1.192374 0.041980 -1.150393
0.157000 19.909465 19.908878 -1.192495 0.042203 -1.150291
0.158000 19.908878 19.908290 -1.192615 0.042426 -1.150189
0.159000 19.908290 19.907702 -1.192735 0.042647 -1.150088
0.160000 19.907702 19.907115 -1.192854 0.042868 -1.149986
0.161000 19.907115 19.906527 -1.192973 0.043089 -1.149884
0.162000 19.906527 19.905939 -1.193091 0.043309 -1.149782
0.163000 19.905939 19.905351 -1.193208 0.043528 -1.149680
0.164000 19.905351 19.904763 -1.193325 0.043747 -1.149578
0.165000 19.904763 19.904174 -1.193441 0.043965 -1.149476
0.166000 19.904174 19.903586 -1.193557 0.044182 -1.149374
0.167000 19.903586 19.902998 -1.193672 0.044399 -1.149273
0.168000 19.902998 19.902409 -1.193786 0.044615 -1.149171
0.169000 19.902409 19.901821 -1.193900 0.044831 -1.149069
0.170000 19.901821 19.901232 -1.194013 0.045046 -1.148967
0.171000 19.901232 19.900644 -1.194125 0.045260 -1.148865
0.172000 19.900644 19.900055 -1.194237 0.045474 -1.148763
0.173000 19.900055 19.899466 -1.194348 0.045687 -1.148661
0.174000 19.899466 19.898877 -1.194459 0.045900 -1.148559
0.175000 19.898877 19.898288 -1.194569 0.046112 -1.148457
0.176000 19.898288 19.897699 -1.194678 0.046323 -1.148355
0.177000 19.897699 19.897110 -1.194787 0.046534 -1.148253
0.178000 19.897110 19.896521 -1.194895 0.046744 -1.148151
0.179000 19.896521 19.895932 -1.195003 0.046954 -1.148049
0.180000 19.895932 19.895343 -1.195110 0.047163 -1.147947
0.181000 19.895343 19.894753 -1.195216 0.047371 -1.147845
0.182000 19.894753 19.894164 -1.195322 0.047579 -1.147743
0.183000 19.894164 19.893575 -1.195427 0.047786 -1.147641
0.184000 19.893575 19.892985 -1.195531 0.047992 -1.147539
0.185000 19.892985 19.892395 -1.195635 0.048198 -1.147437
0.186000 19.892395 19.891806 -1.195738 0.048404 -1.147335
0.187000 19.891806 19.891216 -1.195841 0.048608 -1.147233
0.188000 19.891216 19.890626 -1.195943 0.048812 -1.147131
0.189000 19.890626 19.890036 -1.196044 0.049016 -1.147029
0.190000 19.890036 19.889446 -1.196145 0.049218 -1.146927
0.191000 19.889446 19.888856 -1.196245 0.049421 -1.146825
0.192000 19.888856 19.888266 -1.196345 0.049622 -1.146723
0.193000 19.888266 19.887676 -1.196444 0.049823 -1.146621
0.194000 19.887676 19.887086 -1.196542 0.050024 -1.146518
0.195000 19.887086 19.886495 -1.196640 0.050223 -1.146416
0.196000 19.886495 19.885905 -1.196737 0.050423 -1.146314
0.197000 19.885905 19.885315 -1.196833 0.050621 -1.146212
0.198000 19.885315 19.884724 -1.196929 0.050819 -1.146110
0.199000 19.884724 19.884134 -1.197024 0.051016 -1.146008
0.200000 19.884134 19.883543 -1.197119 0.051213 -1.145906
0.201000 19.883543 19.882952 -1.197213 0.051409 -1.145804
0.202000 19.882952 19.882362 -1.197306 0.051605 -1.145702
0.203000 19.882362 19.881771 -1.197399 0.051799 -1.145600
0.204000 19.881771 19.881180 -1.197491 0.051994 -1.145497
0.205000 19.881180 19.880589 -1.197583 0.052187 -1.145395
0.206000 19.880589 19.879998 -1.197673 0.052380 -1.145293
0.207000 19.879998 19.879407 -1.197764 0.052573 -1.145191
0.208000 19.879407 19.878816 -1.197853 0.052764 -1.145089
0.209000 19.878816 19.878225 -1.197942 0.052956 -1.144987
0.210000 19.878225 19.877633 -1.198031 0.053146 -1.144885
0.211000 19.877633 19.877042 -1.198118 0.053336 -1.144782
0.212000 19.877042 19.876451 -1.198206 0.053525 -1.144680
0.213000 19.876451 19.875859 -1.198292 0.053714 -1.144578
0.214000 19.875859 19.875268 -1.198378 0.053902 -1.144476
0.215000 19.875268 19.874676 -1.198463 0.054090 -1.144374
0.216000 19.874676 19.874085 -1.198548 0.054277 -1.144271
0.217000 19.874085 19.873493 -1.198632 0.054463 -1.144169
0.218000 19.873493 19.872901 -1.198716 0.054649 -1.144067
0.219000 19.872901 19.872309 -1.198799 0.054834 -1.143965
0.220000 19.872309 19.871718 -1.198881 0.055018 -1.143863
0.221000 19.871718 19.871126 -1.198962 0.055202 -1.143761
0.222000 19.871126 19.870534 -1.199043 0.055385 -1.143658
0.223000 19.870534 19.869942 -1.199124 0.055568 -1.143556
0.224000 19.869942 19.869350 -1.199203 0.055750 -1.143454
0.225000 19.869350 19.868758 -1.199283 0.055931 -1.143352
0.226000 19.868758 19.868165 -1.199361 0.056112 -1.143249
0.227000 19.868165 19.867573 -1.199439 0.056292 -1.143147
0.228000 19.867573 19.866981 -1.199516 0.056471 -1.143045
0.229000 19.866981 19.866389 -1.199593 0.056650 -1.142943
0.230000 19.866389 19.865796 -1.199669 0.056828 -1.142841
0.231000 19.865796 19.865204 -1.199744 0.057006 -1.142738
0.232000 19.865204 19.864611 -1.199819 0.057183 -1.142636
0.233000 19.864611 19.864019 -1.199893 0.057359 -1.142534
0.234000 19.864019 19.863426 -1.199967 0.057535 -1.142432
0.235000 19.863426 19.862833 -1.200040 0.057711 -1.142329
0.236000 19.862833 19.862241 -1.200112 0.057885 -1.142227
0.237000 19.862241 19.861648 -1.200184 0.058059 -1.142125
0.238000 19.861648 19.861055 -1.200255 0.058232 -1.142023
0.239000 19.861055 19.860462 -1.200325 0.058405 -1.141920
0.240000 19.860462 19.859869 -1.200395 0.058577 -1.141818
0.241000 19.859869 19.859276 -1.200465 0.058749 -1.141716
0.242000 19.859276 19.858683 -1.200533 0.058920 -1.141613
0.243000 19.858683 19.858090 -1.200601 0.059090 -1.141511
0.244000 19.858090 19.857497 -1.200668 0.059260 -1.141409
0.245000 19.857497 19.856904 -1.200735 0.059429 -1.141307
0.246000 19.856904 19.856310 -1.200801 0.059597 -1.141204
0.247000 19.856310 19.855717 -1.200867 0.059765 -1.141102
0.248000 19.855717 19.855124 -1.200932 0.059932 -1.141000
0.249000 19.855124 19.854530 -1.200996 0.060099 -1.140897
0.250000 19.854530 19.853937 -1.201060 0.060265 -1.140795
0.251000 19.853937 19.853343 -1.201123 0.060430 -1.140693
0.252000 19.853343 19.852750 -1.201185 0.060595 -1.140591
0.253000 19.852750 19.852156 -1.201247 0.060759 -1.140488
0.254000 19.852156 19.851563 -1.201308 0.060922 -1.140386
0.255000 19.851563 19.850969 -1.201369 0.061085 -1.140284
0.256000 19.850969 19.850375 -1.201429 0.061247 -1.140181
0.257000 19.850375 19.849781 -1.201488 0.061409 -1.140079
0.258000 19.849781 19.849188 -1.201547 0.061570 -1.139977
0.259000 19.849188 19.848594 -1.201605 0.061730 -1.139874
0.260000 19.848594 19.848000 -1.201662 0.061890 -1.139772
0.261000 19.848000 19.847406 -1.201719 0.062049 -1.139670
0.262000 19.847406 19.846812 -1.201775 0.062208 -1.139567
0.263000 19.846812 19.846218 -1.201831 0.062366 -1.139465
0.264000 19.846218 19.845624 -1.201886 0.062523 -1.139363
0.265000 19.845624 19.845030 -1.201940 0.062680 -1.139260
0.266000 19.845030 19.844435 -1.201994 0.062836 -1.139158
0.267000 19.844435 19.843841 -1.202047 0.062991 -1.139056
0.268000 19.843841 19.843247 -1.202100 0.063146 -1.138954
0.269000 19.843247 19.842652 -1.202151 0.063300 -1.138851
0.270000 19.842652 19.842058 -1.202203 0.063454 -1.138749
0.271000 19.842058 19.841464 -1.202253 0.063607 -1.138647
0.272000 19.841464 19.840869 -1.202303 0.063759 -1.138544
0.273000 19.840869 19.840275 -1.202353 0.063911 -1.138442
0.274000 19.840275 19.839680 -1.202401 0.064062 -1.138340
0.275000 19.839680 19.839086 -1.202450 0.064212 -1.138237
0.276000 19.839086 19.838491 -1.202497 0.064362 -1.138135
0.277000 19.838491 19.837896 -1.202544 0.064511 -1.138033
0.278000 19.837896 19.837302 -1.202590 0.064660 -1.137930
0.279000 19.837302 19.836707 -1.202636 0.064808 -1.137828
0.280000 19.836707 19.836112 -1.202681 0.064955 -1.137725
0.281000 19.836112 19.835517 -1.202725 0.065102 -1.137623
0.282000 19.835517 19.834922 -1.202769 0.065248 -1.137521
0.283000 19.834922 19.834328 -1.202812 0.065394 -1.137418
0.284000 19.834328 19.833733 -1.202855 0.065539 -1.137316
0.285000 19.833733 19.833138 -1.202897 0.065683 -1.137214
0.286000 19.833138 19.832543 -1.202938 0.065826 -1.137111
0.287000 19.832543 19.831948 -1.202978 0.065969 -1.137009
0.288000 19.831948 19.831353 -1.203018 0.066112 -1.136907
0.289000 19.831353 19.830757 -1.203058 0.066254 -1.136804
0.290000 19.830757 19.830162 -1.203097 0.066395 -1.136702
0.291000 19.830162 19.829567 -1.203135 0.066535 -1.136600
0.292000 19.829567 19.828972 -1.203172 0.066675 -1.136497
0.293000 19.828972 19.828377 -1.203209 0.066814 -1.136395
0.294000 19.828377 19.827781 -1.203246 0.066953 -1.136293
0.295000 19.827781 19.827186 -1.203281 0.067091 -1.136190
0.296000 19.827186 19.826590 -1.203316 0.067229 -1.136088
0.297000 19.826590 19.825995 -1.203351 0.067365 -1.135986
0.298000 19.825995 19.825400 -1.203385 0.067502 -1.135883
0.299000 19.825400 19.824804 -1.203418 0.067637 -1.135781
0.300000 19.824804 19.824209 -1.203451 0.067772 -1.135679
0.301000 19.824209 19.823613 -1.203483 0.067907 -1.135576
0.302000 19.823613 19.823017 -1.203514 0.068040 -1.135474
0.303000 19.823017 19.822422 -1.203545 0.068174 -1.135372
0.304000 19.822422 19.821826 -1.203575 0.068306 -1.135269
0.305000 19.821826 19.821231 -1.203605 0.068438 -1.135167
0.306000 19.821231 19.820635 -1.203634 0.068569 -1.135065
0.307000 19.820635 19.820039 -1.203662 0.068700 -1.134962
0.308000 19.820039 19.819443 -1.203690 0.068830 -1.134860
0.309000 19.819443 19.818847 -1.203717 0.068959 -1.134757
0.310000 19.818847 19.818252 -1.203743 0.069088 -1.134655
0.311000 19.818252 19.817656 -1.203769 0.069216 -1.134553
0.312000 19.817656 19.817060 -1.203794 0.069344 -1.134450
0.313000 19.817060 19.816464 -1.203819 0.069471 -1.134348
0.314000 19.816464 19.815868 -1.203843 0.069597 -1.134246
0.315000 19.815868 19.815272 -1.203866 0.069723 -1.134143
0.316000 19.815272 19.814676 -1.203889 0.069848 -1.134041
0.317000 19.814676 19.814080 -1.203911 0.069972 -1.133939
0.318000 19.814080 19.813484 -1.203932 0.070096 -1.133836
0.319000 19.813484 19.812888 -1.203953 0.070219 -1.133734
0.320000 19.812888 19.812292 -1.203973 0.070342 -1.133632
0.321000 19.812292 19.811695 -1.203993 0.070464 -1.133529
0.322000 19.811695 19.811099 -1.204012 0.070585 -1.133427
0.323000 19.811099 19.810503 -1.204030 0.070705 -1.133325
0.324000 19.810503 19.809907 -1.204048 0.070826 -1.133223
0.325000 19.809907 19.809310 -1.204065 0.070945 -1.133120
0.326000 19.809310 19.808714 -1.204082 0.071064 -1.133018
0.327000 19.808714 19.808118 -1.204097 0.071182 -1.132916
0.328000 19.808118 19.807522 -1.204113 0.071299 -1.132813
0.329000 19.807522 19.806925 -1.204127 0.071416 -1.132711
0.330000 19.806925 19.806329 -1.204141 0.071533 -1.132609
0.331000 19.806329 19.805732 -1.204154 0.071648 -1.132506
0.332000 19.805732 19.805136 -1.204167 0.071763 -1.132404
0.333000 19.805136 19.804539 -1.204179 0.071878 -1.132302
0.334000 19.804539 19.803943 -1.204191 0.071991 -1.132199
0.335000 19.803943 19.803346 -1.204202 0.072105 -1.132097
0.336000 19.803346 19.802750 -1.204212 0.072217 -1.131995
0.337000 19.802750 19.802153 -1.204222 0.072329 -1.131892
0.338000 19.802153 19.801557 -1.204230 0.072440 -1.131790
0.339000 19.801557 19.800960 -1.204239 0.072551 -1.131688
0.340000 19.800960 19.800363 -1.204247 0.072661 -1.131586
0.341000 19.800363 19.799767 -1.204254 0.072770 -1.131483
0.342000 19.799767 19.799170 -1.204260 0.072879 -1.131381
0.343000 19.799170 19.798573 -1.204266 0.072987 -1.131279
0.344000 19.798573 19.797977 -1.204271 0.073095 -1.131176
0.345000 19.797977 19.797380 -1.204276 0.073202 -1.131074
0.346000 19.797380 19.796783 -1.204280 0.073308 -1.130972
0.347000 19.796783 19.796186 -1.204283 0.073414 -1.130870
0.348000 19.796186 19.795590 -1.204286 0.073518 -1.130767
0.349000 19.795590 19.794993 -1.204288 0.073623 -1.130665
0.350000 19.794993 19.794396 -1.204290 0.073727 -1.130563
0.351000 19.794396 19.793799 -1.204290 0.073830 -1.130461
0.352000 19.793799 19.793202 -1.204291 0.073932 -1.130358
0.353000 19.793202 19.792605 -1.204291 0.074034 -1.130256
0.354000 19.792605 19.792009 -1.204290 0.074136 -1.130154
0.355000 19.792009 19.791412 -1.204288 0.074237 -1.130052
0.356000 19.791412 19.790815 -1.204286 0.074337 -1.129949
0.357000 19.790815 19.790218 -1.204283 0.074436 -1.129847
0.358000 19.790218 19.789621 -1.204280 0.074535 -1.129745
0.359000 19.789621 19.789024 -1.204276 0.074633 -1.129643
0.360000 19.789024 19.788427 -1.204271 0.074731 -1.129540
0.361000 19.788427 19.787830 -1.204266 0.074828 -1.129438
0.362000 19.787830 19.787233 -1.204260 0.074924 -1.129336
0.363000 19.787233 19.786636 -1.204254 0.075020 -1.129234
0.364000 19.786636 19.786039 -1.204247 0.075115 -1.129131
0.365000 19.786039 19.785442 -1.204239 0.075210 -1.129029
0.366000 19.785442 19.784844 -1.204230 0.075303 -1.128927
0.367000 19.784844 19.784247 -1.204221 0.075397 -1.128825
0.368000 19.784247 19.783650 -1.204212 0.075489 -1.128723
0.369000 19.783650 19.783053 -1.204202 0.075581 -1.128620
0.370000 19.783053 19.782456 -1.204191 0.075672 -1.128518
0.371000 19.782456 19.781859 -1.204179 0.075763 -1.128416
0.372000 19.781859 19.781262 -1.204167 0.075853 -1.128314
0.373000 19.781262 19.780664 -1.204154 0.075943 -1.128212
0.374000 19.780664 19.780067 -1.204141 0.076031 -1.128109
0.375000 19.780067 19.779470 -1.204127 0.076120 -1.128007
0.376000 19.779470 19.778873 -1.204112 0.076207 -1.127905
0.377000 19.778873 19.778276 -1.204097 0.076294 -1.127803
0.378000 19.778276 19.777678 -1.204081 0.076380 -1.127701
0.379000 19.777678 19.777081 -1.204065 0.076466 -1.127599
0.380000 19.777081 19.776484 -1.204048 0.076551 -1.127497
0.381000 19.776484 19.775887 -1.204030 0.076636 -1.127394
0.382000 19.775887 19.775289 -1.204012 0.076719 -1.127292
0.383000 19.775289 19.774692 -1.203993 0.076803 -1.127190
0.384000 19.774692 19.774095 -1.203973 0.076885 -1.127088
0.385000 19.774095 19.773498 -1.203953 0.076967 -1.126986
0.386000 19.773498 19.772900 -1.203932 0.077048 -1.126884
0.387000 19.772900 19.772303 -1.203911 0.077129 -1.126782
0.388000 19.772303 19.771706 -1.203889 0.077209 -1.126679
0.389000 19.771706 19.771108 -1.203866 0.077289 -1.126577
0.390000 19.771108 19.770511 -1.203843 0.077367 -1.126475
0.391000 19.770511 19.769914 -1.203819 0.077446 -1.126373
0.392000 19.769914 19.769316 -1.203794 0.077523 -1.126271
0.393000 19.769316 19.768719 -1.203769 0.077600 -1.126169
0.394000 19.768719 19.768122 -1.203743 0.077677 -1.126067
0.395000 19.768122 19.767524 -1.203717 0.077752 -1.125965
0.396000 19.767524 19.766927 -1.203690 0.077827 -1.125863
0.397000 19.766927 19.766329 -1.203663 0.077902 -1.125761
0.398000 19.766329 19.765732 -1.203634 0.077976 -1.125659
0.399000 19.765732 19.765135 -1.203606 0.078049 -1.125557
0.400000 19.765135 19.764537 -1.203576 0.078122 -1.125455
0.401000 19.764537 19.763940 -1.203546 0.078194 -1.125352
0.402000 19.763940 19.763343 -1.203515 0.078265 -1.125250
0.403000 19.763343 19.762745 -1.203484 0.078336 -1.125148
0.404000 19.762745 19.762148 -1.203452 0.078406 -1.125046
0.405000 19.762148 19.761550 -1.203420 0.078475 -1.124944
0.406000 19.761550 19.760953 -1.203387 0.078544 -1.124842
0.407000 19.760953 19.760356 -1.203353 0.078613 -1.124740
0.408000 19.760356 19.759758 -1.203319 0.078680 -1.124638
0.409000 19.759758 19.759161 -1.203284 0.078747 -1.124536
0.410000 19.759161 19.758563 -1.203248 0.078814 -1.124434
0.411000 19.758563 19.757966 -1.203212 0.078880 -1.124332
0.412000 19.757966 19.757369 -1.203175 0.078945 -1.124230
0.413000 19.757369 19.756771 -1.203138 0.079009 -1.124128
0.414000 19.756771 19.756174 -1.203100 0.079073 -1.124026
0.415000 19.756174 19.755576 -1.203061 0.079137 -1.123924
0.416000 19.755576 19.754979 -1.203022 0.079199 -1.123822
0.417000 19.754979 19.754382 -1.202982 0.079261 -1.123721
0.418000 19.754382 19.753784 -1.202941 0.079323 -1.123619
0.419000 19.753784 19.753187 -1.202900 0.079384 -1.123517
0.420000 19.753187 19.752590 -1.202859 0.079444 -1.123415
0.421000 19.752590 19.751992 -1.202816 0.079503 -1.123313
0.422000 19.751992 19.751395 -1.202773 0.079562 -1.123211
0.423000 19.751395 19.750797 -1.202730 0.079621 -1.123109
0.424000 19.750797 19.750200 -1.202686 0.079678 -1.123007
0.425000 19.750200 19.749603 -1.202641 0.079736 -1.122905
0.426000 19.749603 19.749005 -1.202595 0.079792 -1.122803
0.427000 19.749005 19.748408 -1.202549 0.079848 -1.122701
0.428000 19.748408 19.747811 -1.202503 0.079903 -1.122600
0.429000 19.747811 19.747213 -1.202456 0.079958 -1.122498
0.430000 19.747213 19.746616 -1.202408 0.080012 -1.122396
0.431000 19.746616 19.746019 -1.202359 0.080065 -1.122294
0.432000 19.746019 19.745421 -1.202310 0.080118 -1.122192
0.433000 19.745421 19.744824 -1.202260 0.080170 -1.122090
0.434000 19.744824 19.744227 -1.202210 0.080222 -1.121988
0.435000 19.744227 19.743629 -1.202159 0.080272 -1.121887
0.436000 19.743629 19.743032 -1.202107 0.080323 -1.121785
0.437000 19.743032 19.742435 -1.202055 0.080372 -1.121683
0.438000 19.742435 19.741837 -1.202002 0.080421 -1.121581
0.439000 19.741837 19.741240 -1.201949 0.080470 -1.121479
0.440000 19.741240 19.740643 -1.201895 0.080517 -1.121378
0.441000 19.740643 19.740046 -1.201840 0.080564 -1.121276
0.442000 19.740046 19.739448 -1.201785 0.080611 -1.121174
0.443000 19.739448 19.738851 -1.201729 0.080657 -1.121072
0.444000 19.738851 19.738254 -1.201673 0.080702 -1.120971
0.445000 19.738254 19.737657 -1.201615 0.080747 -1.120869
0.446000 19.737657 19.737060 -1.201558 0.080791 -1.120767
0.447000 19.737060 19.736462 -1.201499 0.080834 -1.120665
0.448000 19.736462 19.735865 -1.201440 0.080877 -1.120564
0.449000 19.735865 19.735268 -1.201381 0.080919 -1.120462
0.450000 19.735268 19.734671 -1.201320 0.080960 -1.120360
0.451000 19.734671 19.734074 -1.201260 0.081001 -1.120258
0.452000 19.734074 19.733477 -1.201198 0.081041 -1.120157
0.453000 19.733477 19.732879 -1.201136 0.081081 -1.120055
0.454000 19.732879 19.732282 -1.201073 0.081120 -1.119953
0.455000 19.732282 19.731685 -1.201010 0.081158 -1.119852
0.456000 19.731685 19.731088 -1.200946 0.081196 -1.119750
0.457000 19.731088 19.730491 -1.200881 0.081233 -1.119648
0.458000 19.730491 19.729894 -1.200816 0.081269 -1.119547
0.459000 19.729894 19.729297 -1.200750 0.081305 -1.119445
0.460000 19.729297 19.728700 -1.200684 0.081340 -1.119344
0.461000 19.728700 19.728103 -1.200617 0.081375 -1.119242
0.462000 19.728103 19.727506 -1.200549 0.081409 -1.119140
0.463000 19.727506 19.726909 -1.200481 0.081442 -1.119039
0.464000 19.726909 19.726312 -1.200412 0.081474 -1.118937
0.465000 19.726312 19.725715 -1.200342 0.081507 -1.118836
0.466000 19.725715 19.725118 -1.200272 0.081538 -1.118734
0.467000 19.725118 19.724521 -1.200201 0.081569 -1.118632
0.468000 19.724521 19.723924 -1.200130 0.081599 -1.118531
0.469000 19.723924 19.723327 -1.200058 0.081628 -1.118429
0.470000 19.723327 19.722731 -1.199985 0.081657 -1.118328
0.471000 19.722731 19.722134 -1.199912 0.081686 -1.118226
0.472000 19.722134 19.721537 -1.199838 0.081713 -1.118125
0.473000 19.721537 19.720940 -1.199763 0.081740 -1.118023
0.474000 19.720940 19.720343 -1.199688 0.081766 -1.117922
0.475000 19.720343 19.719747 -1.199612 0.081792 -1.117820
0.476000 19.719747 19.719150 -1.199536 0.081817 -1.117719
0.477000 19.719150 19.718553 -1.199459 0.081842 -1.117617
0.478000 19.718553 19.717956 -1.199381 0.081866 -1.117516
0.479000 19.717956 19.717360 -1.199303 0.081889 -1.117414
0.480000 19.717360 19.716763 -1.199224 0.081911 -1.117313
0.481000 19.716763 19.716166 -1.199145 0.081933 -1.117212
0.482000 19.716166 19.715570 -1.199065 0.081955 -1.117110
0.483000 19.715570 19.714973 -1.198984 0.081975 -1.117009
0.484000 19.714973 19.714377 -1.198903 0.081995 -1.116907
0.485000 19.714377 19.713780 -1.198821 0.082015 -1.116806
0.486000 19.713780 19.713184 -1.198738 0.082034 -1.116705
0.487000 19.713184 19.712587 -1.198655 0.082052 -1.116603
0.488000 19.712587 19.711991 -1.198571 0.082069 -1.116502
0.489000 19.711991 19.711394 -1.198487 0.082086 -1.116401
0.490000 19.711394 19.710798 -1.198402 0.082103 -1.116299
0.491000 19.710798 19.710201 -1.198316 0.082118 -1.116198
0.492000 19.710201 19.709605 -1.198230 0.082133 -1.116097
0.493000 19.709605 19.709009 -1.198143 0.082148 -1.115995
0.494000 19.709009 19.708412 -1.198055 0.082161 -1.115894
0.495000 19.708412 19.707816 -1.197967 0.082175 -1.115793
0.496000 19.707816 19.707220 -1.197878 0.082187 -1.115691
0.497000 19.707220 19.706623 -1.197789 0.082199 -1.115590
0.498000 19.706623 19.706027 -1.197699 0.082210 -1.115489
0.499000 19.706027 19.705431 -1.197608 0.082221 -1.115388
0.500000 19.705431 19.704835 -1.197517 0.082231 -1.115286
0.501000 19.704835 19.704239 -1.197425 0.082240 -1.115185
0.502000 19.704239 19.703642 -1.197333 0.082249 -1.115084
0.503000 19.703642 19.703046 -1.197239 0.082257 -1.114983
0.504000 19.703046 19.702450 -1.197146 0.082264 -1.114882
0.505000 19.702450 19.701854 -1.197051 0.082271 -1.114780
0.506000 19.701854 19.701258 -1.196956 0.082277 -1.114679
0.507000 19.701258 19.700662 -1.196861 0.082282 -1.114578
0.508000 19.700662 19.700066 -1.196764 0.082287 -1.114477
0.509000 19.700066 19.699470 -1.196667 0.082292 -1.114376
0.510000 19.699470 19.698875 -1.196570 0.082295 -1.114275
0.511000 19.698875 19.698279 -1.196472 0.082298 -1.114174
0.512000 19.698279 19.697683 -1.196373 0.082301 -1.114072
0.513000 19.697683 19.697087 -1.196274 0.082302 -1.113971
0.514000 19.697087 19.696491 -1.196174 0.082304 -1.113870
0.515000 19.696491 19.695896 -1.196073 0.082304 -1.113769
0.516000 19.695896 19.695300 -1.195972 0.082304 -1.113668
0.517000 19.695300 19.694704 -1.195870 0.082303 -1.113567
0.518000 19.694704 19.694109 -1.195768 0.082302 -1.113466
0.519000 19.694109 19.693513 -1.195665 0.082300 -1.113365
0.520000 19.693513 19.692918 -1.195561 0.082297 -1.113264
0.521000 19.692918 19.692322 -1.195457 0.082294 -1.113163
0.522000 19.692322 19.691727 -1.195352 0.082290 -1.113062
0.523000 19.691727 19.691131 -1.195246 0.082285 -1.112961
0.524000 19.691131 19.690536 -1.195140 0.082280 -1.112860
0.525000 19.690536 19.689940 -1.195033 0.082274 -1.112759
0.526000 19.689940 19.689345 -1.194926 0.082268 -1.112658
0.527000 19.689345 19.688750 -1.194818 0.082261 -1.112557
0.528000 19.688750 19.688154 -1.194709 0.082253 -1.112456
0.529000 19.688154 19.687559 -1.194600 0.082245 -1.112356
0.530000 19.687559 19.686964 -1.194490 0.082236 -1.112255
0.531000 19.686964 19.686369 -1.194380 0.082226 -1.112154
0.532000 19.686369 19.685774 -1.194269 0.082216 -1.112053
0.533000 19.685774 19.685179 -1.194157 0.082205 -1.111952
0.534000 19.685179 19.684583 -1.194044 0.082193 -1.111851
0.535000 19.684583 19.683988 -1.193931 0.082181 -1.111750
0.536000 19.683988 19.683393 -1.193818 0.082168 -1.111650
0.537000 19.683393 19.682799 -1.193704 0.082155 -1.111549
0.538000 19.682799 19.682204 -1.193589 0.082141 -1.111448
0.539000 19.682204 19.681609 -1.193473 0.082126 -1.111347
0.540000 19.681609 19.681014 -1.193357 0.082111 -1.111246
0.541000 19.681014 19.680419 -1.193240 0.082095 -1.111146
0.542000 19.680419 19.679824 -1.193123 0.082078 -1.111045
0.543000 19.679824 19.679230 -1.193005 0.082061 -1.110944
0.544000 19.679230 19.678635 -1.192887 0.082043 -1.110844
0.545000 19.678635 19.678040 -1.192768 0.082025 -1.110743
0.546000 19.678040 19.677446 -1.192648 0.082006 -1.110642
0.547000 19.677446 19.676851 -1.192527 0.081986 -1.110542
0.548000 19.676851 19.676257 -1.192407 0.081966 -1.110441
0.549000 19.676257 19.675662 -1.192285 0.081945 -1.110340
0.550000 19.675662 19.675068 -1.192163 0.081923 -1.110240
0.551000 19.675068 19.674474 -1.192040 0.081901 -1.110139
0.552000 19.674474 19.673879 -1.191917 0.081879 -1.110038
0.553000 19.673879 19.673285 -1.191793 0.081855 -1.109938
0.554000 19.673285 19.672691 -1.191668 0.081831 -1.109837
0.555000 19.672691 19.672097 -1.191543 0.081807 -1.109737
0.556000 19.672097 19.671502 -1.191418 0.081781 -1.109636
0.557000 19.671502 19.670908 -1.191291 0.081756 -1.109536
0.558000 19.670908 19.670314 -1.191164 0.081729 -1.109435
0.559000 19.670314 19.669720 -1.191037 0.081702 -1.109335
0.560000 19.669720 19.669126 -1.190908 0.081674 -1.109234
0.561000 19.669126 19.668532 -1.190779 0.081646 -1.109134
0.562000 19.668532 19.667939 -1.190650 0.081617 -1.109033
0.563000 19.667939 19.667345 -1.190520 0.081587 -1.108933
0.564000 19.667345 19.666751 -1.190389 0.081557 -1.108832
0.565000 19.666751 19.666157 -1.190258 0.081526 -1.108732
0.566000 19.666157 19.665564 -1.190126 0.081495 -1.108631
0.567000 19.665564 19.664970 -1.189994 0.081463 -1.108531
0.568000 19.664970 19.664376 -1.189860 0.081430 -1.108431
0.569000 19.664376 19.663783 -1.189727 0.081396 -1.108330
0.570000 19.663783 19.663189 -1.189592 0.081362 -1.108230
0.571000 19.663189 19.662596 -1.189457 0.081328 -1.108130
0.572000 19.662596 19.662003 -1.189322 0.081292 -1.108029
0.573000 19.662003 19.661409 -1.189185 0.081256 -1.107929
0.574000 19.661409 19.660816 -1.189049 0.081220 -1.107829
0.575000 19.660816 19.660223 -1.188911 0.081183 -1.107728
0.576000 19.660223 19.659630 -1.188773 0.081145 -1.107628
0.577000 19.659630 19.659036 -1.188635 0.081107 -1.107528
0.578000 19.659036 19.658443 -1.188496 0.081068 -1.107428
0.579000 19.658443 19.657850 -1.188356 0.081028 -1.107327
0.580000 19.657850 19.657257 -1.188215 0.080988 -1.107227
0.581000 19.657257 19.656664 -1.188075 0.080948 -1.107127
0.582000 19.656664 19.656072 -1.187933 0.080906 -1.107027
0.583000 19.656072 19.655479 -1.187791 0.080864 -1.106927
0.584000 19.655479 19.654886 -1.187648 0.080822 -1.106826
0.585000 19.654886 19.654293 -1.187505 0.080778 -1.106726
0.586000 19.654293 19.653701 -1.187361 0.080734 -1.106626
0.587000 19.653701 19.653108 -1.187216 0.080690 -1.106526
0.588000 19.653108 19.652516 -1.187071 0.080645 -1.106426
0.589000 19.652516 19.651923 -1.186925 0.080599 -1.106326
0.590000 19.651923 19.651331 -1.186778 0.080552 -1.106226
0.591000 19.651331 19.650738 -1.186631 0.080505 -1.106126
0.592000 19.650738 19.650146 -1.186483 0.080458 -1.106026
0.593000 19.650146 19.649554 -1.186335 0.080409 -1.105926
0.594000 19.649554 19.648961 -1.186186 0.080360 -1.105826
0.595000 19.648961 19.648369 -1.186036 0.080311 -1.105726
0.596000 19.648369 19.647777 -1.185886 0.080260 -1.105626
0.597000 19.647777 19.647185 -1.185735 0.080209 -1.105526
0.598000 19.647185 19.646593 -1.185584 0.080158 -1.105426
0.599000 19.646593 19.646001 -1.185432 0.080106 -1.105326
0.600000 19.646001 19.645409 -1.185279 0.080053 -1.105226
0.601000 19.645409 19.644818 -1.185126 0.080000 -1.105126
0.602000 19.644818 19.644226 -1.184972 0.079946 -1.105026
0.603000 19.644226 19.643634 -1.184818 0.079891 -1.104927
0.604000 19.643634 19.643042 -1.184662 0.079836 -1.104827
0.605000 19.643042 19.642451 -1.184507 0.079780 -1.104727
0.606000 19.642451 19.641859 -1.184350 0.079723 -1.104627
0.607000 19.641859 19.641268 -1.184193 0.079666 -1.104527
0.608000 19.641268 19.640677 -1.184036 0.079608 -1.104428
0.609000 19.640677 19.640085 -1.183878 0.079550 -1.104328
0.610000 19.640085 19.639494 -1.183719 0.079491 -1.104228
0.611000 19.639494 19.638903 -1.183559 0.079431 -1.104128
0.612000 19.638903 19.638312 -1.183399 0.079371 -1.104029
0.613000 19.638312 19.637721 -1.183239 0.079310 -1.103929
0.614000 19.637721 19.637130 -1.183078 0.079248 -1.103829
0.615000 19.637130 19.636539 -1.182916 0.079186 -1.103730
0.616000 19.636539 19.635948 -1.182754 0.079124 -1.103630
0.617000 19.635948 19.635357 -1.182591 0.079060 -1.103530
0.618000 19.635357 19.634766 -1.182427 0.078996 -1.103431
0.619000 19.634766 19.634175 -1.182263 0.078932 -1.103331
0.620000 19.634175 19.633585 -1.182098 0.078866 -1.103232
0.621000 19.633585 19.632994 -1.181933 0.078801 -1.103132
0.622000 19.632994 19.632404 -1.181767 0.078734 -1.103033
0.623000 19.632404 19.631813 -1.181600 0.078667 -1.102933
0.624000 19.631813 19.631223 -1.181433 0.078599 -1.102834
0.625000 19.631223 19.630633 -1.181265 0.078531 -1.102734
0.626000 19.630633 19.630042 -1.181097 0.078462 -1.102635
0.627000 19.630042 19.629452 -1.180928 0.078392 -1.102535
0.628000 19.629452 19.628862 -1.180758 0.078322 -1.102436
0.629000 19.628862 19.628272 -1.180588 0.078251 -1.102336
0.630000 19.628272 19.627682 -1.180417 0.078180 -1.102237
0.631000 19.627682 19.627092 -1.180245 0.078108 -1.102137
0.632000 19.627092 19.626502 -1.180073 0.078035 -1.102038
0.633000 19.626502 19.625913 -1.179901 0.077962 -1.101939
0.634000 19.625913 19.625323 -1.179727 0.077888 -1.101839
0.635000 19.625323 19.624733 -1.179553 0.077813 -1.101740
0.636000 19.624733 19.624144 -1.179379 0.077738 -1.101641
0.637000 19.624144 19.623554 -1.179204 0.077662 -1.101542
0.638000 19.623554 19.622965 -1.179028 0.077586 -1.101442
0.639000 19.622965 19.622375 -1.178852 0.077509 -1.101343
0.640000 19.622375 19.621786 -1.178675 0.077431 -1.101244
0.641000 19.621786 19.621197 -1.178498 0.077353 -1.101145
0.642000 19.621197 19.620608 -1.178320 0.077274 -1.101045
0.643000 19.620608 19.620019 -1.178141 0.077195 -1.100946
0.644000 19.620019 19.619430 -1.177962 0.077115 -1.100847
0.645000 19.619430 19.618841 -1.177782 0.077034 -1.100748
0.646000 19.618841 19.618252 -1.177602 0.076953 -1.100649
0.647000 19.618252 19.617663 -1.177421 0.076871 -1.100550
0.648000 19.617663 19.617075 -1.177239 0.076788 -1.100451
0.649000 19.617075 19.616486 -1.177057 0.076705 -1.100352
0.650000 19.616486 19.615897 -1.176874 0.076621 -1.100253
0.651000 19.615897 19.615309 -1.176690 0.076537 -1.100154
0.652000 19.615309 19.614721 -1.176506 0.076452 -1.100055
0.653000 19.614721 19.614132 -1.176322 0.076366 -1.099956
0.654000 19.614132 19.613544 -1.176136 0.076280 -1.099857
0.655000 19.613544 19.612956 -1.175951 0.076193 -1.099758
0.656000 19.612956 19.612368 -1.175764 0.076106 -1.099659
0.657000 19.612368 19.611780 -1.175577 0.076017 -1.099560
0.658000 19.611780 19.611192 -1.175389 0.075929 -1.099461
0.659000 19.611192 19.610604 -1.175201 0.075839 -1.099362
0.660000 19.610604 19.610016 -1.175012 0.075749 -1.099263
0.661000 19.610016 19.609428 -1.174823 0.075659 -1.099164
0.662000 19.609428 19.608841 -1.174633 0.075567 -1.099065
0.663000 19.608841 19.608253 -1.174442 0.075475 -1.098967
0.664000 19.608253 19.607666 -1.174251 0.075383 -1.098868
0.665000 19.607666 19.607078 -1.174059 0.075290 -1.098769
0.666000 19.607078 19.606491 -1.173866 0.075196 -1.098670
0.667000 19.606491 19.605904 -1.173673 0.075102 -1.098572
0.668000 19.605904 19.605316 -1.173480 0.075007 -1.098473
0.669000 19.605316 19.604729 -1.173285 0.074911 -1.098374
0.670000 19.604729 19.604142 -1.173090 0.074815 -1.098276
0.671000 19.604142 19.603555 -1.172895 0.074718 -1.098177
0.672000 19.603555 19.602969 -1.172699 0.074620 -1.098078
0.673000 19.602969 19.602382 -1.172502 0.074522 -1.097980
0.674000 19.602382 19.601795 -1.172304 0.074423 -1.097881
0.675000 19.601795 19.601209 -1.172106 0.074324 -1.097783
0.676000 19.601209 19.600622 -1.171908 0.074224 -1.097684
0.677000 19.600622 19.600036 -1.171709 0.074123 -1.097586
0.678000 19.600036 19.599449 -1.171509 0.074022 -1.097487
0.679000 19.599449 19.598863 -1.171309 0.073921 -1.097389
0.680000 19.598863 19.598277 -1.171108 0.073818 -1.097290
0.681000 19.598277 19.597691 -1.170907 0.073715 -1.097192
0.682000 19.597691 19.597105 -1.170705 0.073612 -1.097093
0.683000 19.597105 19.596519 -1.170503 0.073508 -1.096995
0.684000 19.596519 19.595933 -1.170300 0.073403 -1.096896
0.685000 19.595933 19.595347 -1.170096 0.073298 -1.096798
0.686000 19.595347 19.594761 -1.169892 0.073192 -1.096700
0.687000 19.594761 19.594176 -1.169687 0.073085 -1.096601
0.688000 19.594176 19.593590 -1.169481 0.072978 -1.096503
0.689000 19.593590 19.593005 -1.169275 0.072870 -1.096405
0.690000 19.593005 19.592419 -1.169068 0.072762 -1.096306
0.691000 19.592419 19.591834 -1.168861 0.072653 -1.096208
0.692000 19.591834 19.591249 -1.168653 0.072543 -1.096110
0.693000 19.591249 19.590664 -1.168444 0.072433 -1.096012
0.694000 19.590664 19.590079 -1.168235 0.072322 -1.095914
0.695000 19.590079 19.589494 -1.168025 0.072210 -1.095815
0.696000 19.589494 19.588909 -1.167815 0.072098 -1.095717
0.697000 19.588909 19.588324 -1.167604 0.071985 -1.095619
0.698000 19.588324 19.587740 -1.167392 0.071871 -1.095521
0.699000 19.587740 19.587155 -1.167180 0.071757 -1.095423
0.700000 19.587155 19.586571 -1.166968 0.071643 -1.095325
0.701000 19.586571 19.585986 -1.166754 0.071527 -1.095227
0.702000 19.585986 19.585402 -1.166540 0.071411 -1.095129
0.703000 19.585402 19.584818 -1.166326 0.071295 -1.095031
0.704000 19.584818 19.584234 -1.166111 0.071178 -1.094933
0.705000 19.584234 19.583650 -1.165895 0.071060 -1.094835
0.706000 19.583650 19.583066 -1.165679 0.070942 -1.094737
0.707000 19.583066 19.582482 -1.165462 0.070823 -1.094639
0.708000 19.582482 19.581898 -1.165245 0.070703 -1.094541
0.709000 19.581898 19.581315 -1.165027 0.070583 -1.094443
0.710000 19.581315 19.580731 -1.164808 0.070463 -1.094345
0.711000 19.580731 19.580148 -1.164589 0.070341 -1.094248
0.712000 19.580148 19.579564 -1.164369 0.070219 -1.094150
0.713000 19.579564 19.578981 -1.164149 0.070097 -1.094052
0.714000 19.578981 19.578398 -1.163928 0.069974 -1.093954
0.715000 19.578398 19.577815 -1.163706 0.069850 -1.093856
0.716000 19.577815 19.577232 -1.163484 0.069725 -1.093759
0.717000 19.577232 19.576649 -1.163261 0.069600 -1.093661
0.718000 19.576649 19.576066 -1.163038 0.069475 -1.093563
0.719000 19.576066 19.575483 -1.162814 0.069348 -1.093466
0.720000 19.575483 19.574900 -1.162590 0.069222 -1.093368
0.721000 19.574900 19.574318 -1.162364 0.069094 -1.093270
0.722000 19.574318 19.573736 -1.162139 0.068966 -1.093173
0.723000 19.573736 19.573153 -1.161912 0.068837 -1.093075
0.724000 19.573153 19.572571 -1.161685 0.068708 -1.092978
0.725000 19.572571 19.571989 -1.161458 0.068578 -1.092880
0.726000 19.571989 19.571407 -1.161230 0.068447 -1.092783
0.727000 19.571407 19.570825 -1.161001 0.068316 -1.092685
0.728000 19.570825 19.570243 -1.160771 0.068184 -1.092588
0.729000 19.570243 19.569661 -1.160541 0.068051 -1.092490
0.730000 19.569661 19.569080 -1.160311 0.067918 -1.092393
0.731000 19.569080 19.568498 -1.160080 0.067784 -1.092295
0.732000 19.568498 19.567917 -1.159848 0.067650 -1.092198
0.733000 19.567917 19.567335 -1.159616 0.067515 -1.092101
0.734000 19.567335 19.566754 -1.159383 0.067379 -1.092003
0.735000 19.566754 19.566173 -1.159149 0.067243 -1.091906
0.736000 19.566173 19.565592 -1.158915 0.067106 -1.091809
0.737000 19.565592 19.565011 -1.158680 0.066969 -1.091712
0.738000 19.565011 19.564430 -1.158445 0.066831 -1.091614
0.739000 19.564430 19.563849 -1.158209 0.066692 -1.091517
0.740000 19.563849 19.563268 -1.157972 0.066553 -1.091420
0.741000 19.563268 19.562688 -1.157735 0.066413 -1.091323
0.742000 19.562688 19.562107 -1.157498 0.066272 -1.091226
0.743000 19.562107 19.561527 -1.157259 0.066131 -1.091128
0.744000 19.561527 19.560947 -1.157020 0.065989 -1.091031
0.745000 19.560947 19.560367 -1.156781 0.065846 -1.090934
0.746000 19.560367 19.559787 -1.156540 0.065703 -1.090837
0.747000 19.559787 19.559207 -1.156300 0.065559 -1.090740
0.748000 19.559207 19.558627 -1.156058 0.065415 -1.090643
0.749000 19.558627 19.558047 -1.155816 0.065270 -1.090546
0.750000 19.558047 19.557468 -1.155574 0.065124 -1.090449
0.751000 19.557468 19.556888 -1.155330 0.064978 -1.090352
0.752000 19.556888 19.556309 -1.155087 0.064831 -1.090255
